0. SLANT 3.849 27
1. SCANT 3.862 21
2. SAINT 3.875 24
3. LEAST 3.876 26
4. CARTS 3.877 20
5. SCALE 3.88 23
6. SLATE 3.883 24
7. SPILT 3.885 17
8. TRACE 3.887 23
9. CRATE 3.889 24
10. PROST 3.891 17
11. TRANS 3.892 22
12. RANTS 3.897 23
13. SPORT 3.899 24
14. STALE 3.9 25
15. PLOTS 3.901 12
16. AUNTS 3.902 21
17. DARTS 3.902 20
18. CRANE 3.906 29
19. CRUST 3.906 22
20. PRINT 3.909 19
21. TRIES 3.91 32
22. PACTS 3.911 16
23. STAIN 3.912 31
24. TROIS 3.912 31
25. COAST 3.913 21
26. SHALT 3.913 20
27. TEARS 3.913 28
28. CLANS 3.914 23
29. CLOTS 3.914 17
30. PLANS 3.914 19
31. SABLE 3.914 21
32. SNORT 3.914 23
33. SPELT 3.914 23
34. TALES 3.914 22
35. CASTE 3.915 19
36. PLANT 3.915 23
37. CARTE 3.916 27
38. SCALP 3.916 18
39. CELTS 3.917 16
40. HEART 3.917 28
41. SLEPT 3.917 23
42. TRIOS 3.918 30
43. CREPT 3.919 20
44. TRAPS 3.919 20
45. TRIPS 3.919 16
46. SATIN 3.92 27
47. SHUNT 3.92 20
48. SLAIN 3.92 22
49. SLANG 3.92 23
50. CHART 3.921 22
51. LANES 3.921 28
52. PORTS 3.921 20
53. SPATE 3.921 20
54. STOLE 3.921 31
55. TRIMS 3.921 21
56. BLAST 3.922 23
57. CATER 3.922 26
58. CREST 3.922 28
59. DEALS 3.922 25
60. DEALT 3.922 20
61. SHALE 3.922 25
62. SAULT 3.924 30
63. STARE 3.924 31
64. CONTE 3.925 32
65. HATES 3.925 19
66. PANTS 3.925 14
67. PARSE 3.925 28
68. PARTS 3.926 19
69. CRAPS 3.927 27
70. SLOTH 3.927 19
71. TRAMS 3.927 22
72. RANCE 3.928 25
73. CLAPS 3.929 24
74. PLATE 3.929 23
75. REALS 3.929 40
76. SLOPE 3.929 26
77. ALERT 3.93 28
78. SLICE 3.93 28
79. TRADE 3.93 23
80. TRUCE 3.93 24
81. CLASP 3.931 23
82. REACT 3.931 28
83. SPLIT 3.931 15
84. CLEAR 3.932 24
85. COATS 3.932 25
86. SNARL 3.932 27
87. SPLAT 3.932 22
88. CLOSE 3.933 21
89. HORSE 3.933 30
90. PLACE 3.933 21
91. STORE 3.933 35
92. COLTS 3.934 17
93. RATES 3.934 30
94. TIRES 3.934 34
95. TONAL 3.934 27
96. ROAST 3.935 37
97. SEDAN 3.935 24
98. GLINT 3.936 22
99. LANDS 3.936 22
100. SNORE 3.936 32
101. LOANS 3.937 27
102. PROSE 3.937 25
103. SPURT 3.937 19
104. PEARL 3.938 25
105. PINES 3.938 21
106. SHARD 3.938 23
107. SHORT 3.938 35
108. TRASH 3.938 22
109. ANGST 3.939 21
110. PLANE 3.939 22
111. SCRAP 3.939 21
112. STEIN 3.939 28
113. CLONE 3.94 22
114. GLOAT 3.94 31
115. SHORE 3.94 34
116. SNARE 3.94 29
117. TIERS 3.94 33
118. CADRE 3.941 22
119. CATES 3.941 26
120. POETS 3.941 17
121. TROPE 3.941 22
122. CHATS 3.942 24
123. DRIES 3.942 25
124. DROPS 3.942 19
125. GRANT 3.942 26
126. HARES 3.942 26
127. LEANS 3.942 27
128. RIOTS 3.942 29
129. TELCO 3.942 22
130. HEROS 3.943 24
131. SIREN 3.943 34
132. STAND 3.943 24
133. TESLA 3.943 23
134. BLADE 3.944 29
135. CANES 3.944 30
136. DIALS 3.944 24
137. PELTS 3.944 18
138. PILOT 3.944 19
139. SENOR 3.944 30
140. SHIRE 3.944 29
141. SNAIL 3.944 25
142. SORTA 3.944 31
143. TAPER 3.944 22
144. CARDS 3.945 23
145. CLOUT 3.945 24
146. RINSE 3.945 32
147. TAILS 3.945 29
148. CARES 3.946 29
149. MINES 3.946 25
150. TABLE 3.946 20
151. TILES 3.946 24
152. ALTER 3.947 30
153. BLOAT 3.947 27
154. LACES 3.947 25
155. PETAL 3.947 27
156. PLEAS 3.947 27
157. SONAR 3.947 37
158. SPACE 3.947 26
159. CLAMS 3.948 22
160. SLIDE 3.948 28
161. SMELT 3.948 24
162. SPARE 3.948 31
163. CHANT 3.949 17
164. GALES 3.949 30
165. GRIST 3.949 20
166. LAPSE 3.949 24
167. LEAPT 3.949 24
168. SCARE 3.949 30
169. SCENT 3.949 26
170. CULTS 3.95 17
171. CUNTS 3.95 22
172. PIERS 3.95 23
173. SAITH 3.95 28
174. SCOUT 3.95 22
175. HEATS 3.951 22
176. LEAPS 3.951 25
177. LEARN 3.951 29
178. SHONE 3.951 22
179. STAIR 3.951 35
180. THINS 3.951 24
181. TRAIN 3.951 31
182. CRASH 3.952 26
183. DOLCE 3.952 21
184. HALES 3.952 25
185. PLIES 3.952 27
186. SLURP 3.952 23
187. THORN 3.952 26
188. TREND 3.952 19
189. BRATS 3.953 25
190. CALMS 3.953 20
191. SHARP 3.953 20
192. COLES 3.954 25
193. DALES 3.954 25
194. HEALS 3.954 24
195. PUNTS 3.954 21
196. SNIDE 3.954 31
197. STADE 3.954 30
198. STAID 3.954 25
199. SUTRA 3.954 26
200. BALES 3.955 28
201. HORST 3.955 25
202. SANTO 3.955 23
203. SLACK 3.955 21
204. SMART 3.955 24
205. THANE 3.955 28
206. PATER 3.956 23
207. PULSE 3.956 21
208. RACES 3.956 28
209. SCALY 3.957 23
210. SCORN 3.957 28
211. TAPES 3.957 20
212. TORUS 3.957 28
213. TOURS 3.957 30
214. BARDS 3.958 24
215. RAPES 3.958 23
216. SPADE 3.958 27
217. SPOUT 3.958 26
218. STORM 3.958 29
219. TRIED 3.958 28
220. ARISE 3.959 33
221. DATES 3.959 30
222. HARPS 3.959 19
223. RAINS 3.959 25
224. ARSON 3.96 23
225. CORAL 3.96 28
226. COUNT 3.96 31
227. SPIEL 3.96 25
228. STEAL 3.96 31
229. BELTS 3.961 16
230. COALS 3.961 25
231. GRASP 3.961 22
232. GRUNT 3.961 22
233. HASTE 3.961 16
234. LASER 3.961 36
235. PADRE 3.961 23
236. SHIRT 3.961 30
237. THINE 3.961 26
238. TOADS 3.961 24
239. CRISP 3.962 17
240. DARES 3.962 26
241. GRAND 3.962 27
242. HALTS 3.962 18
243. HIRES 3.962 29
244. LINES 3.962 28
245. MARSH 3.962 18
246. PANES 3.962 25
247. REINS 3.962 34
248. SCAPE 3.962 24
249. SPORE 3.962 27
250. TALON 3.962 22
251. TRACK 3.962 19
252. TRIPE 3.962 19
253. TUNES 3.962 22
254. BEAST 3.963 27
255. BRANT 3.963 26
256. CAPER 3.963 22
257. COSTA 3.963 22
258. CRAFT 3.963 31
259. DRIPS 3.963 17
260. DUCTS 3.963 23
261. GRINS 3.963 27
262. HANDS 3.963 18
263. INERT 3.963 25
264. PAINT 3.963 18
265. PASTE 3.963 21
266. PURSE 3.963 20
267. SHARE 3.963 29
268. SHORN 3.963 30
269. SLUNG 3.963 21
270. SPENT 3.963 19
271. STRAP 3.963 28
272. THOSE 3.963 30
273. ARTSY 3.964 35
274. DUELS 3.964 26
275. FEAST 3.964 30
276. GLARE 3.964 35
277. GRIDS 3.964 22
278. HEARD 3.964 28
279. MATES 3.964 27
280. SMILE 3.964 27
281. STERN 3.964 29
282. STONE 3.964 30
283. ACORN 3.965 22
284. BUILT 3.965 25
285. CRIME 3.965 23
286. GLADE 3.965 33
287. RAISE 3.965 36
288. SHADE 3.965 22
289. TERNS 3.965 23
290. CENTS 3.966 20
291. LEADS 3.966 30
292. PALES 3.966 26
293. PEARS 3.966 29
294. PINTS 3.966 23
295. SEPTA 3.966 20
296. SNARK 3.966 28
297. STACK 3.966 25
298. TONER 3.966 39
299. AROSE 3.967 37
300. CARLE 3.967 28
301. CAROL 3.967 28
302. CLINE 3.967 24
303. COURT 3.967 24
304. DEANS 3.967 26
305. ERUPT 3.967 20
306. LATER 3.967 28
307. LOPES 3.967 27
308. PAIRS 3.967 20
309. PONCE 3.967 24
310. PRICE 3.967 25
311. RENAL 3.967 30
312. TILED 3.967 20
313. TURNS 3.967 25
314. BRAND 3.968 24
315. CANTO 3.968 20
316. MALES 3.968 29
317. RESIN 3.968 34
318. SARGE 3.968 30
319. SINCE 3.968 29
320. SKIRT 3.968 23
321. TOWNS 3.968 14
322. EARLS 3.969 36
323. HORNS 3.969 26
324. LENDS 3.969 24
325. LITRE 3.969 30
326. SCOPE 3.969 26
327. SIRED 3.969 29
328. SLIME 3.969 27
329. CHARD 3.97 24
330. CHEST 3.97 16
331. EARTH 3.97 29
332. ENACT 3.97 28
333. HERDS 3.97 23
334. HUNTS 3.97 18
335. INLET 3.97 24
336. NAILS 3.97 27
337. NEARS 3.97 29
338. THIRD 3.97 29
339. TONES 3.97 30
340. TREAD 3.97 28
341. WARTS 3.97 24
342. ASPEN 3.971 29
343. CRIED 3.971 24
344. CURLS 3.971 25
345. LANCE 3.971 24
346. MOIST 3.971 25
347. POINT 3.971 24
348. SCOLD 3.971 27
349. SPEAR 3.971 30
350. STUNG 3.971 21
351. CROPS 3.972 22
352. DIETS 3.972 30
353. GUILT 3.972 27
354. HURST 3.972 25
355. KARST 3.972 23
356. MEALS 3.972 31
357. PRIDE 3.972 23
358. SNIPE 3.972 23
359. SPARK 3.972 23
360. STEAD 3.972 25
361. TEACH 3.972 19
362. TURDS 3.972 22
363. ALONE 3.973 32
364. DURST 3.973 21
365. EARNS 3.973 29
366. FROST 3.973 21
367. SHINE 3.973 28
368. SLING 3.973 22
369. ALTOS 3.974 34
370. ANISE 3.974 34
371. CABLE 3.974 25
372. CHINS 3.974 22
373. CLASH 3.974 20
374. DUETS 3.974 24
375. GRATE 3.974 25
376. LEASH 3.974 25
377. MIDST 3.974 20
378. NASTY 3.974 25
379. PANEL 3.974 27
380. PONDS 3.974 21
381. PORES 3.974 27
382. SCONE 3.974 30
383. SNOUT 3.974 23
384. SUPER 3.974 26
385. TORAH 3.974 39
386. ASCOT 3.975 24
387. CLUES 3.975 29
388. DRAIN 3.975 24
389. HATER 3.975 26
390. KARTS 3.975 23
391. MATER 3.975 21
392. PACER 3.975 23
393. RISEN 3.975 34
394. SALTY 3.975 29
395. SHRED 3.975 26
396. SPITE 3.975 27
397. STAPH 3.975 19
398. STARK 3.975 29
399. STRIP 3.975 25
400. SURGE 3.975 25
401. ANGLE 3.976 32
402. BRACE 3.976 25
403. CLEAN 3.976 26
404. CORES 3.976 32
405. GIANT 3.976 28
406. HEARS 3.976 24
407. HOPES 3.976 20
408. HOTEL 3.976 31
409. IRONS 3.976 27
410. RECON 3.976 23
411. SNACK 3.976 23
412. TACKS 3.976 25
413. ADEPT 3.977 21
414. BRUNT 3.977 23
415. GROAN 3.977 33
416. HEIRS 3.977 26
417. INSET 3.977 31
418. ISLET 3.977 28
419. SANGH 3.977 23
420. SHOUT 3.977 26
421. STOMP 3.977 19
422. CLIPS 3.978 18
423. CURSE 3.978 27
424. HOIST 3.978 30
425. LIONS 3.978 28
426. POLAR 3.978 26
427. THORP 3.978 24
428. TONIC 3.978 24
429. ACTIN 3.979 20
430. FARTS 3.979 27
431. GIRLS 3.979 24
432. GRADS 3.979 33
433. HEIST 3.979 27
434. MORSE 3.979 26
435. POLES 3.979 24
436. PRISM 3.979 22
437. RECAP 3.979 21
438. SARIN 3.979 30
439. SCORE 3.979 34
440. SOUND 3.979 22
441. SWEPT 3.979 19
442. TANKS 3.979 22
443. TIDAL 3.979 24
444. TIDES 3.979 30
445. ALDER 3.98 31
446. ANGEL 3.98 30
447. CRIES 3.98 31
448. CUTER 3.98 23
449. DENTS 3.98 19
450. GRITS 3.98 24
451. HAUNT 3.98 23
452. SANDY 3.98 24
453. SHEAR 3.98 34
454. TORCH 3.98 27
455. BROAD 3.981 32
456. CHARM 3.981 23
457. CRAGS 3.981 27
458. FLINT 3.981 24
459. FLIRT 3.981 23
460. PERIL 3.981 25
461. PINOT 3.981 22
462. PLAIN 3.981 23
463. SALON 3.981 24
464. SLUMP 3.981 20
465. THEIR 3.981 37
466. ASTER 3.982 37
467. BANDS 3.982 20
468. BLUNT 3.982 18
469. BOLTS 3.982 21
470. CEDAR 3.982 24
471. HINTS 3.982 21
472. LIENS 3.982 29
473. LUNAR 3.982 27
474. SABRE 3.982 32
475. SADLY 3.982 26
476. SCARY 3.982 29
477. SETON 3.982 25
478. SHOAL 3.982 24
479. SONIC 3.982 21
480. STREP 3.982 27
481. TAMER 3.982 19
482. ANTSY 3.983 26
483. CADET 3.983 19
484. CAIRN 3.983 27
485. GREAT 3.983 30
486. HARMS 3.983 20
487. LAIRD 3.983 27
488. PATCH 3.983 18
489. PATHS 3.983 17
490. PILAR 3.983 24
491. SPANK 3.983 23
492. SPIRE 3.983 26
493. SWORN 3.983 30
494. ACRES 3.984 28
495. BLAME 3.984 26
496. CHORE 3.984 35
497. CRONE 3.984 30
498. GLENS 3.984 26
499. HOLES 3.984 24
500. HURTS 3.984 25
501. INEPT 3.984 20
502. LOSER 3.984 36
503. PENAL 3.984 24
504. POSIT 3.984 27
505. SAUCY 3.984 22
506. TRAYS 3.984 30
507. WANTS 3.984 21
508. CHOSE 3.985 21
509. COINS 3.985 25
510. CORDS 3.985 22
511. CRUSH 3.985 25
512. HINDS 3.985 19
513. LEGIT 3.985 24
514. NICER 3.985 29
515. REACH 3.985 22
516. REALM 3.985 32
517. STALK 3.985 28
518. CHAPS 3.986 20
519. CODES 3.986 28
520. LOINS 3.986 28
521. PROUD 3.986 21
522. SPINE 3.986 27
523. TUNER 3.986 25
524. CRUDE 3.987 26
525. DEATH 3.987 22
526. MAINS 3.987 25
527. PALSY 3.987 20
528. PESTO 3.987 19
529. PRUDE 3.987 23
530. RAILS 3.987 29
531. ROPES 3.987 30
532. TACOS 3.987 27
533. TAPED 3.987 18
534. TENOR 3.987 40
535. BEATS 3.988 27
536. CAMEL 3.988 28
537. CASED 3.988 26
538. DELTA 3.988 21
539. DRAPE 3.988 28
540. GABLE 3.988 31
541. GAUNT 3.988 26
542. LOADS 3.988 28
543. LOBES 3.988 29
544. NURSE 3.988 21
545. PLEAD 3.988 29
546. PRION 3.988 27
547. RAIDS 3.988 28
548. RATED 3.988 25
549. READS 3.988 32
550. TABOR 3.988 28
551. TRIAL 3.988 27
552. ARIEL 3.989 37
553. BRITS 3.989 25
554. CHEAT 3.989 22
555. LOUSE 3.989 31
556. MISER 3.989 30
557. MOANS 3.989 27
558. SHADY 3.989 18
559. SHANK 3.989 24
560. SOUTH 3.989 27
561. SPICE 3.989 29
562. TRAIL 3.989 31
563. ATOMS 3.99 30
564. BRENT 3.99 20
565. DRAGS 3.99 33
566. FALSE 3.99 26
567. GOATS 3.99 29
568. MITRE 3.99 30
569. SAUCE 3.99 29
570. SITED 3.99 29
571. SOLID 3.99 24
572. TENDS 3.99 22
573. TONED 3.99 29
574. ACTED 3.991 17
575. ADORN 3.991 31
576. BEARD 3.991 29
577. BOATS 3.991 25
578. CAPES 3.991 31
579. COILS 3.991 24
580. CONES 3.991 35
581. DRUGS 3.991 25
582. FLATS 3.991 32
583. PENIS 3.991 23
584. PLAYS 3.991 29
585. PRONE 3.991 21
586. STOIC 3.991 24
587. TRAMP 3.991 17
588. AISLE 3.992 37
589. CHASM 3.992 18
590. DOERS 3.992 32
591. LITER 3.992 30
592. POSER 3.992 27
593. POUND 3.992 18
594. PRONG 3.992 18
595. SURLY 3.992 29
596. TOMES 3.992 25
597. ABORT 3.993 27
598. ALIEN 3.993 35
599. CAUSE 3.993 31
600. CREAM 3.993 21
601. CURES 3.993 32
602. GARTH 3.993 24
603. LONGS 3.993 25
604. MONTE 3.993 25
605. PALER 3.993 26
606. PANGS 3.993 17
607. PERCH 3.993 18
608. PROMS 3.993 23
609. ADULT 3.994 27
610. CHURN 3.994 20
611. DINAR 3.994 33
612. FACTS 3.994 24
613. HASTY 3.994 19
614. HEAPS 3.994 24
615. LOATH 3.994 27
616. MINTS 3.994 20
617. NITRO 3.994 26
618. PILES 3.994 27
619. PLUSH 3.994 14
620. RENTS 3.994 25
621. ROADS 3.994 37
622. SCRIP 3.994 19
623. SUITE 3.994 29
624. SWEAT 3.994 21
625. WAIST 3.994 25
626. BEADS 3.995 29
627. CHUTE 3.995 24
628. CLAIM 3.995 26
629. CLAYS 3.995 28
630. COMET 3.995 27
631. GLAND 3.995 21
632. HAIRS 3.995 24
633. RIDES 3.995 29
634. RULES 3.995 33
635. SPEND 3.995 21
636. SURAH 3.995 28
637. APTLY 3.996 24
638. BARNS 3.996 30
639. GRIPS 3.996 23
640. MOLES 3.996 29
641. RITES 3.996 38
642. ROUSE 3.996 40
643. STANK 3.996 30
644. TREKS 3.996 25
645. TWINS 3.996 22
646. WRITE 3.996 23
647. ACTOR 3.997 27
648. CHASE 3.997 26
649. CLAMP 3.997 17
650. CODER 3.997 24
651. COUPE 3.997 26
652. LARGE 3.997 29
653. PARIS 3.997 25
654. PECAN 3.997 24
655. PLAID 3.997 24
656. POURS 3.997 24
657. SCION 3.997 24
658. SOLAR 3.997 40
659. SPOIL 3.997 17
660. TONGS 3.997 22
661. TRIBE 3.997 25
662. ATONE 3.998 33
663. CARBS 3.998 23
664. COLDS 3.998 24
665. DUNES 3.998 25
666. GERMS 3.998 23
667. MAILS 3.998 26
668. MINDS 3.998 18
669. OUNCE 3.998 30
670. PAINS 3.998 22
671. PRAYS 3.998 33
672. RAFTS 3.998 26
673. SHIED 3.998 29
674. STAMP 3.998 19
675. TEARY 3.998 30
676. TEPID 3.998 20
677. TERMS 3.998 19
678. TUBAL 3.998 22
679. BATHE 3.999 19
680. CAMPS 3.999 19
681. CORPS 3.999 24
682. CROFT 3.999 26
683. HIDES 3.999 26
684. LUNGS 3.999 26
685. PACES 3.999 30
686. STRAY 3.999 36
687. WRATH 3.999 26
688. HOMES 4.0 22
689. LARCH 4.0 25
690. LIARS 4.0 40
691. PARTY 4.0 24
692. PEDAL 4.0 25
693. PHASE 4.0 21
694. PLIED 4.0 26
695. PRIME 4.0 21
696. ROACH 4.0 26
697. SLAVE 4.0 32
698. SPUNK 4.0 19
699. TANGO 4.0 24
700. ADOPT 4.001 25
701. BAGEL 4.001 31
702. BATES 4.001 27
703. BLOCS 4.001 23
704. BLUES 4.001 33
705. CHAIN 4.001 27
706. CREDO 4.001 25
707. CRUEL 4.001 24
708. DEPOT 4.001 20
709. DOUSE 4.001 35
710. NARCO 4.001 25
711. NEATH 4.001 30
712. PAUSE 4.001 28
713. PSALM 4.001 19
714. SERIF 4.001 28
715. SHIRK 4.001 25
716. TEAMS 4.001 28
717. WREST 4.001 30
718. FRUIT 4.002 31
719. GHOST 4.002 21
720. LADEN 4.002 28
721. ROLES 4.002 34
722. RUINS 4.002 32
723. TIMER 4.002 32
724. BEANS 4.003 30
725. CRAMP 4.003 16
726. DRIFT 4.003 27
727. FILET 4.003 24
728. FLAPS 4.003 23
729. FRONT 4.003 29
730. HADES 4.003 27
731. HOUSE 4.003 24
732. LORDS 4.003 29
733. MELTS 4.003 19
734. MINAS 4.003 28
735. SHAPE 4.003 24
736. STING 4.003 22
737. STUMP 4.003 18
738. TUNED 4.003 19
739. URBAN 4.003 35
740. YEAST 4.003 36
741. ALINE 4.004 35
742. BIRDS 4.004 26
743. FORTS 4.004 31
744. GATES 4.004 30
745. GRAMS 4.004 28
746. LEACH 4.004 19
747. LOTUS 4.004 24
748. NOISE 4.004 33
749. PALMS 4.004 17
750. PATSY 4.004 16
751. REAMS 4.004 32
752. REGAL 4.004 39
753. SALVE 4.004 27
754. SMEAR 4.004 32
755. UPSET 4.004 19
756. BAITS 4.005 31
757. BURNS 4.005 23
758. CARED 4.005 27
759. EDICT 4.005 29
760. HAULS 4.005 26
761. INTRO 4.005 27
762. LIDAR 4.005 29
763. LUSTY 4.005 22
764. MEANT 4.005 29
765. MEATS 4.005 32
766. NAMES 4.005 34
767. NORTH 4.005 25
768. PASTY 4.005 16
769. PAWNS 4.005 16
770. RAGES 4.005 32
771. SMACK 4.005 22
772. STEAM 4.005 25
773. WROTE 4.005 32
774. ALTHO 4.006 29
775. CLUMP 4.006 11
776. CRABS 4.006 28
777. DECOR 4.006 23
778. DRUMS 4.006 25
779. HOLDS 4.006 23
780. LATHE 4.006 27
781. LIMES 4.006 28
782. MATHS 4.006 20
783. MURAL 4.006 28
784. OTHER 4.006 35
785. SMITE 4.006 24
786. STORY 4.006 34
787. TAUPE 4.006 21
788. BIDET 4.007 28
789. BLAND 4.007 21
790. BOAST 4.007 28
791. CLOTH 4.007 15
792. COMES 4.007 29
793. DRANK 4.007 24
794. INTER 4.007 32
795. MARES 4.007 26
796. RANGE 4.007 32
797. SABER 4.007 25
798. YEARN 4.007 34
799. AIDES 4.008 34
800. BLOND 4.008 17
801. BRIDE 4.008 27
802. LURES 4.008 34
803. ORBIT 4.008 31
804. RADON 4.008 28
805. RANKS 4.008 22
806. TALKS 4.008 23
807. TIMES 4.008 23
808. TIRED 4.008 28
809. APRON 4.009 25
810. ARMED 4.009 24
811. BANGS 4.009 22
812. BRUSH 4.009 27
813. COULD 4.009 25
814. DINOS 4.009 22
815. HOSED 4.009 20
816. IRATE 4.009 42
817. LAGER 4.009 28
818. LAWNS 4.009 22
819. MENSA 4.009 26
820. NOBLE 4.009 24
821. PEONY 4.009 24
822. RAPED 4.009 26
823. THONG 4.009 25
824. ANGER 4.01 31
825. BASED 4.01 29
826. BEARS 4.01 33
827. CITED 4.01 24
828. CRIBS 4.01 23
829. DECAL 4.01 30
830. EDITS 4.01 29
831. GOALS 4.01 34
832. MONDE 4.01 30
833. NERDS 4.01 25
834. NUDES 4.01 26
835. PRUNE 4.01 24
836. ROSIN 4.01 37
837. SPIED 4.01 26
838. ACIDS 4.011 31
839. HAILS 4.011 29
840. HELPS 4.011 18
841. LABOR 4.011 30
842. MINCE 4.011 24
843. PLUMS 4.011 19
844. ROAMS 4.011 37
845. ROUND 4.011 30
846. SCRUM 4.011 16
847. STORK 4.011 27
848. ADORE 4.012 31
849. COMTE 4.012 31
850. DANCE 4.012 26
851. DEBTS 4.012 19
852. DUTCH 4.012 22
853. GOERS 4.012 33
854. HANGS 4.012 21
855. HERON 4.012 30
856. LURID 4.012 33
857. ORCAS 4.012 29
858. PINTO 4.012 22
859. PLUME 4.012 16
860. SKATE 4.012 33
861. STIPE 4.012 29
862. TRUNK 4.012 19
863. TWINE 4.012 24
864. ANODE 4.013 32
865. BERTH 4.013 21
866. BURNT 4.013 23
867. CITES 4.013 33
868. COLIN 4.013 25
869. DINGS 4.013 18
870. GENTS 4.013 26
871. HEADS 4.013 22
872. HIKES 4.013 28
873. ICONS 4.013 28
874. LACKS 4.013 20
875. LAPIS 4.013 23
876. MORAL 4.013 34
877. PLUGS 4.013 24
878. POISE 4.013 28
879. STAGE 4.013 30
880. AMEND 4.014 29
881. BROTH 4.014 30
882. CLARY 4.014 31
883. CLAWS 4.014 25
884. CRIMP 4.014 18
885. DRUNK 4.014 23
886. GRADE 4.014 31
887. GRIME 4.014 27
888. HAREM 4.014 29
889. LAKES 4.014 32
890. OPENS 4.014 20
891. PEDRO 4.014 22
892. PLEBS 4.014 20
893. SCOUR 4.014 32
894. SPINY 4.014 17
895. TUNIC 4.014 24
896. WRIST 4.014 25
897. AMPLE 4.015 25
898. BRASH 4.015 28
899. BREAD 4.015 31
900. CHILD 4.015 22
901. CLEFT 4.015 22
902. DORMS 4.015 25
903. GLIDE 4.015 30
904. GRACE 4.015 39
905. MOTEL 4.015 34
906. PHONE 4.015 21
907. TUBES 4.015 22
908. UNITS 4.015 30
909. ANKLE 4.016 30
910. DONUT 4.016 28
911. FEATS 4.016 29
912. HERBS 4.016 15
913. MILES 4.016 32
914. PILED 4.016 28
915. PORCH 4.016 22
916. RIPEN 4.016 25
917. SLEET 4.016 32
918. SPRAY 4.016 28
919. SWORD 4.016 28
920. ALONG 4.017 36
921. AUNTY 4.017 29
922. FINES 4.017 26
923. FRETS 4.017 26
924. LACED 4.017 31
925. LONER 4.017 34
926. METAL 4.017 29
927. OLDER 4.017 36
928. PARED 4.017 22
929. RAPID 4.017 26
930. ROPED 4.017 25
931. RUNES 4.017 34
932. SHARK 4.017 25
933. SLIMY 4.017 26
934. STOCK 4.017 31
935. STUCK 4.017 26
936. TAKES 4.017 31
937. TINGE 4.017 27
938. TRIAD 4.017 36
939. ALIGN 4.018 27
940. ARGON 4.018 31
941. CONEY 4.018 30
942. CRONY 4.018 28
943. CRYPT 4.018 17
944. DAWNS 4.018 21
945. DIARY 4.018 33
946. FLOAT 4.018 34
947. HORDE 4.018 27
948. LATCH 4.018 22
949. MADRE 4.018 26
950. MILER 4.018 33
951. SEPIA 4.018 32
952. SHRUG 4.018 26
953. SLICK 4.018 23
954. SMITH 4.018 24
955. STYLE 4.018 33
956. SUPRA 4.018 27
957. BAILS 4.019 25
958. BATHS 4.019 22
959. DRONE 4.019 27
960. MANLY 4.019 21
961. MOLAR 4.019 30
962. PRANK 4.019 17
963. PROBE 4.019 25
964. RANCH 4.019 24
965. SWATH 4.019 28
966. WALES 4.019 33
967. CHUMS 4.02 20
968. COUPS 4.02 28
969. HAUTE 4.02 28
970. RAMEN 4.02 26
971. TIGER 4.02 29
972. ALOFT 4.021 31
973. COPED 4.021 26
974. PACED 4.021 24
975. SHELF 4.021 22
976. SHINY 4.021 22
977. SPERM 4.021 17
978. STRAW 4.021 30
979. TOPIC 4.021 20
980. UNCLE 4.021 29
981. BLURS 4.022 35
982. BRAID 4.022 34
983. CRUMP 4.022 18
984. DRAWS 4.022 30
985. FOULS 4.022 27
986. LAMPS 4.022 22
987. MATED 4.022 25
988. OATHS 4.022 27
989. SETUP 4.022 20
990. SYNOD 4.022 24
991. ULTRA 4.022 33
992. ACHES 4.023 25
993. CLOUD 4.023 24
994. GLOBE 4.023 29
995. HALOS 4.023 24
996. HONED 4.023 32
997. LUMPS 4.023 22
998. MASON 4.023 21
999. MEANS 4.023 34
1000. NADIR 4.023 35
1001. NOTCH 4.023 27
1002. NUDGE 4.023 25
1003. PINGS 4.023 27
1004. SHAWN 4.023 20
1005. TARDY 4.023 29
1006. TULIP 4.023 21
1007. WANDS 4.023 22
1008. WASTE 4.023 20
1009. WORST 4.023 26
1010. YARDS 4.023 27
1011. BATCH 4.024 21
1012. BRUTE 4.024 22
1013. CHAIR 4.024 32
1014. FAIRS 4.024 32
1015. FIRST 4.024 21
1016. GUEST 4.024 26
1017. MERIT 4.024 28
1018. SNUCK 4.024 24
1019. URGES 4.024 30
1020. WHATS 4.024 28
1021. AGENT 4.025 22
1022. BLUSH 4.025 19
1023. CHINE 4.025 29
1024. CHORD 4.025 29
1025. DAMES 4.025 34
1026. HATED 4.025 23
1027. LEARY 4.025 40
1028. LINER 4.025 38
1029. LODGE 4.025 26
1030. RANDY 4.025 26
1031. SHAME 4.025 25
1032. WRITS 4.025 26
1033. AMUSE 4.026 34
1034. BOILS 4.026 26
1035. CRAWL 4.026 27
1036. CURIE 4.026 39
1037. DEBIT 4.026 22
1038. DIMES 4.026 25
1039. DINER 4.026 33
1040. GATOR 4.026 33
1041. INPUT 4.026 28
1042. MITES 4.026 26
1043. SHAFT 4.026 27
1044. STAKE 4.026 33
1045. SUGAR 4.026 38
1046. TRICK 4.026 19
1047. CHILE 4.027 22
1048. ENROL 4.027 30
1049. ERICA 4.027 29
1050. FLARE 4.027 41
1051. GROPE 4.027 28
1052. HORNY 4.027 24
1053. MINER 4.027 33
1054. NOTES 4.027 32
1055. RAMPS 4.027 25
1056. SCARF 4.027 32
1057. TECHS 4.027 16
1058. WINES 4.027 29
1059. CRANK 4.028 26
1060. DUMAS 4.028 24
1061. FOILS 4.028 25
1062. GRAIL 4.028 36
1063. GROIN 4.028 35
1064. HELMS 4.028 23
1065. MIRTH 4.028 23
1066. RATIO 4.028 34
1067. RILED 4.028 37
1068. SYNCH 4.028 20
1069. UNTIL 4.028 26
1070. WARES 4.028 31
1071. CABIN 4.029 27
1072. CUMIN 4.029 19
1073. FRIES 4.029 30
1074. HUMPS 4.029 14
1075. LARGO 4.029 27
1076. MONTH 4.029 20
1077. OPTIC 4.029 19
1078. ORGAN 4.029 32
1079. PARKS 4.029 24
1080. PAYER 4.029 25
1081. POSED 4.029 25
1082. SOBER 4.029 34
1083. AGILE 4.03 31
1084. CHIRP 4.03 24
1085. CHOIR 4.03 31
1086. DRAKE 4.03 32
1087. FAINT 4.03 26
1088. MANOR 4.03 26
1089. MATCH 4.03 21
1090. MOREL 4.03 39
1091. MOTHS 4.03 28
1092. NODES 4.03 32
1093. PEACH 4.03 25
1094. RACKS 4.03 27
1095. RADIO 4.03 38
1096. RUNGS 4.03 31
1097. SKIER 4.03 27
1098. SNAKE 4.03 32
1099. WORSE 4.03 35
1100. AUTOS 4.031 34
1101. BENDS 4.031 21
1102. CHALK 4.031 15
1103. CHOPS 4.031 26
1104. CROWN 4.031 22
1105. NORMS 4.031 22
1106. NOTED 4.031 31
1107. OCHRE 4.031 32
1108. PANSY 4.031 19
1109. PROFS 4.031 20
1110. RACED 4.031 33
1111. BOUTS 4.032 28
1112. BURST 4.032 30
1113. CLANG 4.032 26
1114. CULPA 4.032 21
1115. CUTIE 4.032 33
1116. FUELS 4.032 30
1117. GATED 4.032 28
1118. GENUS 4.032 30
1119. GLEAN 4.032 34
1120. LACEY 4.032 34
1121. LIKES 4.032 31
1122. MODES 4.032 33
1123. MULES 4.032 29
1124. ONSET 4.032 33
1125. PAGER 4.032 22
1126. RAKES 4.032 31
1127. SWIRL 4.032 27
1128. THANK 4.032 22
1129. URINE 4.032 34
1130. CHEMO 4.033 24
1131. CIDER 4.033 25
1132. CORNY 4.033 29
1133. CURED 4.033 21
1134. CURLY 4.033 20
1135. DREGS 4.033 22
1136. DUPER 4.033 22
1137. DUSTY 4.033 19
1138. EUROS 4.033 36
1139. HABIT 4.033 24
1140. LIFTS 4.033 27
1141. MOUSE 4.033 33
1142. PERKS 4.033 23
1143. SMIRK 4.033 22
1144. SPAWN 4.033 18
1145. STONY 4.033 26
1146. WEARS 4.033 35
1147. ABUSE 4.034 37
1148. CLUBS 4.034 25
1149. DEMOS 4.034 29
1150. FATES 4.034 33
1151. FLAGS 4.034 33
1152. FLAME 4.034 27
1153. HANKS 4.034 22
1154. IDOLS 4.034 28
1155. LOCUS 4.034 25
1156. MORES 4.034 32
1157. ROMAN 4.034 29
1158. SAFER 4.034 33
1159. SHRUB 4.034 29
1160. STINK 4.034 26
1161. TAMED 4.034 23
1162. ASIDE 4.035 34
1163. BLIND 4.035 18
1164. BORED 4.035 29
1165. DITCH 4.035 23
1166. FLOPS 4.035 17
1167. FRANC 4.035 25
1168. GAINS 4.035 32
1169. LOFTS 4.035 28
1170. MAPLE 4.035 21
1171. METRO 4.035 35
1172. PLANK 4.035 16
1173. POACH 4.035 22
1174. PROWL 4.035 19
1175. SCRUB 4.035 21
1176. SWEAR 4.035 35
1177. SWINE 4.035 26
1178. TONGA 4.035 30
1179. WRAPS 4.035 23
1180. BANKS 4.036 23
1181. CHAOS 4.036 27
1182. CLOGS 4.036 24
1183. DROWN 4.036 28
1184. EPOCH 4.036 25
1185. ERECT 4.036 29
1186. FERNS 4.036 25
1187. FLIES 4.036 32
1188. FLUTE 4.036 21
1189. GROUT 4.036 33
1190. INCUR 4.036 30
1191. LOWES 4.036 36
1192. MANIC 4.036 19
1193. MOUNT 4.036 22
1194. PAGES 4.036 37
1195. PANIC 4.036 14
1196. REMIT 4.036 28
1197. SERUM 4.036 24
1198. SWORE 4.036 40
1199. TURKS 4.036 26
1200. BLOGS 4.037 25
1201. CAMEO 4.037 33
1202. CARAT 4.037 30
1203. CLUNG 4.037 23
1204. COMPS 4.037 19
1205. DRAFT 4.037 25
1206. EPICS 4.037 29
1207. FACET 4.037 21
1208. FOALS 4.037 35
1209. GRIPE 4.037 28
1210. HOURS 4.037 32
1211. MARCH 4.037 23
1212. PACKS 4.037 23
1213. PAYED 4.037 22
1214. PRIMO 4.037 24
1215. RHINO 4.037 25
1216. SCOWL 4.037 27
1217. TOWER 4.037 37
1218. BITES 4.038 34
1219. BODES 4.038 31
1220. CANOE 4.038 38
1221. CURBS 4.038 26
1222. FAULT 4.038 33
1223. GEARS 4.038 32
1224. GNOME 4.038 28
1225. GRAFT 4.038 23
1226. HOGAN 4.038 33
1227. LOGAN 4.038 32
1228. MANUS 4.038 32
1229. MOURN 4.038 33
1230. NAMED 4.038 29
1231. ORANG 4.038 30
1232. PUNCH 4.038 19
1233. PUNKS 4.038 26
1234. RALPH 4.038 24
1235. RUBLE 4.038 29
1236. SUING 4.038 31
1237. SYRUP 4.038 19
1238. THUGS 4.038 20
1239. WHOSE 4.038 26
1240. WRONG 4.038 30
1241. AUDIT 4.039 38
1242. BATON 4.039 24
1243. CANDY 4.039 22
1244. DOMES 4.039 31
1245. FARMS 4.039 27
1246. GUISE 4.039 33
1247. HONEY 4.039 32
1248. LURCH 4.039 26
1249. MINOR 4.039 27
1250. OMITS 4.039 29
1251. RASPY 4.039 26
1252. AMPLY 4.04 21
1253. ANGLO 4.04 31
1254. ETHOS 4.04 25
1255. GRAPH 4.04 23
1256. IRONY 4.04 31
1257. LOUSY 4.04 33
1258. PLUCK 4.04 17
1259. SWARM 4.04 27
1260. URGED 4.04 26
1261. WARNS 4.04 28
1262. WILES 4.04 32
1263. BOARS 4.041 38
1264. COMER 4.041 29
1265. CUPID 4.041 14
1266. DELFT 4.041 20
1267. FLORA 4.041 36
1268. FRAIL 4.041 31
1269. GRIND 4.041 23
1270. LICKS 4.041 21
1271. LINKS 4.041 21
1272. ARGUS 4.042 32
1273. BORES 4.042 33
1274. CAGES 4.042 37
1275. DAIRY 4.042 29
1276. DEPTH 4.042 20
1277. DISCO 4.042 25
1278. DRAWN 4.042 25
1279. FEINT 4.042 22
1280. GAMUT 4.042 25
1281. GUILE 4.042 38
1282. HOLED 4.042 27
1283. KINDS 4.042 21
1284. KNOTS 4.042 30
1285. LUNGE 4.042 28
1286. MENUS 4.042 27
1287. POEMS 4.042 20
1288. SNEAK 4.042 32
1289. SPAKE 4.042 35
1290. TRUMP 4.042 20
1291. BEACH 4.043 23
1292. BRAIN 4.043 30
1293. BRUIN 4.043 36
1294. FONTS 4.043 28
1295. GRAPE 4.043 32
1296. LEAKS 4.043 30
1297. LINED 4.043 30
1298. MOULD 4.043 28
1299. PLOWS 4.043 21
1300. POLIS 4.043 19
1301. RABID 4.043 29
1302. RAGED 4.043 30
1303. RELAY 4.043 39
1304. SAWED 4.043 29
1305. SHAWL 4.043 22
1306. SPICY 4.043 20
1307. STICK 4.043 27
1308. TRACT 4.043 35
1309. YARNS 4.043 32
1310. AHOLD 4.044 29
1311. CREAK 4.044 30
1312. DOWNS 4.044 29
1313. FORDS 4.044 31
1314. GLEAM 4.044 27
1315. GOLEM 4.044 29
1316. HOARD 4.044 38
1317. MODEL 4.044 32
1318. MORPH 4.044 18
1319. READY 4.044 34
1320. ROUTE 4.044 32
1321. RUSTY 4.044 31
1322. WAITS 4.044 33
1323. WILDS 4.044 19
1324. BOARD 4.045 40
1325. BONED 4.045 25
1326. CAKES 4.045 31
1327. GRAIN 4.045 32
1328. HOPED 4.045 25
1329. LUNCH 4.045 28
1330. PURGE 4.045 26
1331. SOAPY 4.045 25
1332. TOUCH 4.045 29
1333. WELSH 4.045 25
1334. AMPED 4.046 22
1335. BASIL 4.046 28
1336. BINDS 4.046 20
1337. BURSA 4.046 32
1338. FETAL 4.046 28
1339. HENRY 4.046 29
1340. KILNS 4.046 23
1341. MERCH 4.046 29
1342. OPTED 4.046 21
1343. REIGN 4.046 36
1344. SIGHT 4.046 25
1345. BENTO 4.047 30
1346. BIRTH 4.047 19
1347. HUNKS 4.047 18
1348. KHANS 4.047 24
1349. LIANG 4.047 27
1350. RELIC 4.047 35
1351. REPLY 4.047 28
1352. THING 4.047 23
1353. THUNK 4.047 23
1354. UNITE 4.047 31
1355. ACUTE 4.048 26
1356. BUTCH 4.048 22
1357. DELAY 4.048 26
1358. FABLE 4.048 23
1359. FIRES 4.048 33
1360. FORTE 4.048 35
1361. HOMER 4.048 31
1362. LAYER 4.048 37
1363. MELON 4.048 29
1364. OILED 4.048 36
1365. OMENS 4.048 28
1366. OPERA 4.048 34
1367. PANTY 4.048 21
1368. STUDY 4.048 24
1369. CHIME 4.049 27
1370. DEGAS 4.049 35
1371. FRESH 4.049 23
1372. KNITS 4.049 28
1373. LAITY 4.049 32
1374. LEWIS 4.049 31
1375. PINCH 4.049 24
1376. ROUGE 4.049 36
1377. STEAK 4.049 31
1378. TICKS 4.049 26
1379. TRAWL 4.049 25
1380. AMITY 4.05 24
1381. ANIME 4.05 34
1382. BONDS 4.05 26
1383. FANGS 4.05 26
1384. GAMES 4.05 33
1385. GOURD 4.05 36
1386. GRAYS 4.05 39
1387. GROUP 4.05 20
1388. HONDA 4.05 31
1389. PIANO 4.05 30
1390. TANGY 4.05 27
1391. TOWEL 4.05 33
1392. CROWD 4.051 22
1393. DRINK 4.051 25
1394. MAIDS 4.051 24
1395. PRIMA 4.051 26
1396. PUMAS 4.051 30
1397. TRULY 4.051 25
1398. CLOWN 4.052 26
1399. FADES 4.052 33
1400. FARES 4.052 37
1401. FILES 4.052 36
1402. NOSEY 4.052 38
1403. OLDEN 4.052 27
1404. PRAWN 4.052 20
1405. SHEIK 4.052 29
1406. SHREW 4.052 29
1407. TERSE 4.052 30
1408. WARDS 4.052 28
1409. BOWLS 4.053 28
1410. BRINE 4.053 30
1411. CUBED 4.053 20
1412. FROTH 4.053 28
1413. LIBER 4.053 36
1414. SYNTH 4.053 14
1415. TYPOS 4.053 21
1416. WINDS 4.053 21
1417. AFTER 4.054 26
1418. ALBUM 4.054 30
1419. BILGE 4.054 28
1420. CLIMB 4.054 15
1421. CRAVE 4.054 34
1422. LEMON 4.054 33
1423. LOCUM 4.054 20
1424. MACON 4.054 28
1425. PINKS 4.054 21
1426. VOLTS 4.054 23
1427. YEARS 4.054 42
1428. ADMIT 4.055 24
1429. BARED 4.055 30
1430. FLASH 4.055 28
1431. GLORY 4.055 29
1432. GROWN 4.055 31
1433. KNELT 4.055 25
1434. LOCKS 4.055 26
1435. MACRO 4.055 28
1436. PATIO 4.055 29
1437. REHAB 4.055 23
1438. ROUEN 4.055 36
1439. WATER 4.055 31
1440. BLOKE 4.056 24
1441. CLOAK 4.056 26
1442. DUMPS 4.056 19
1443. FLASK 4.056 33
1444. FLESH 4.056 24
1445. GUTSY 4.056 19
1446. HIRED 4.056 35
1447. LAMBS 4.056 19
1448. LOBED 4.056 31
1449. MONEY 4.056 29
1450. OMBRE 4.056 25
1451. PEAKS 4.056 35
1452. PRICK 4.056 25
1453. PYLON 4.056 20
1454. TIPSY 4.056 21
1455. TUBER 4.056 25
1456. USHER 4.056 29
1457. AMINE 4.057 34
1458. BARON 4.057 30
1459. BLANK 4.057 23
1460. BUGLE 4.057 30
1461. CHINO 4.057 25
1462. FINDS 4.057 25
1463. FINER 4.057 34
1464. GOWNS 4.057 35
1465. KRAFT 4.057 23
1466. LURKS 4.057 29
1467. MOPED 4.057 24
1468. REBUS 4.057 34
1469. SHACK 4.057 25
1470. TAKIN 4.057 27
1471. TRUCK 4.057 26
1472. TUMOR 4.057 28
1473. AIRED 4.058 32
1474. BRAKE 4.058 32
1475. BROWN 4.058 25
1476. CLANK 4.058 18
1477. DOCKS 4.058 25
1478. DREAM 4.058 27
1479. GLUED 4.058 28
1480. MAGES 4.058 36
1481. MIKES 4.058 32
1482. MOCKS 4.058 25
1483. PIKES 4.058 29
1484. RINGS 4.058 28
1485. SMOCK 4.058 22
1486. THREW 4.058 28
1487. TWAIN 4.058 33
1488. TWIGS 4.058 26
1489. VALET 4.058 30
1490. VINES 4.058 34
1491. ADIOS 4.059 29
1492. BANDY 4.059 21
1493. BLUME 4.059 22
1494. BONES 4.059 33
1495. BREAM 4.059 23
1496. GOLDS 4.059 26
1497. HANDY 4.059 30
1498. HYPER 4.059 26
1499. LEVIS 4.059 33
1500. LIGHT 4.059 28
1501. MARKS 4.059 30
1502. NICOL 4.059 26
1503. ROBES 4.059 34
1504. SCUBA 4.059 31
1505. TEMPO 4.059 20
1506. UNDER 4.059 31
1507. BASIN 4.06 32
1508. CHIPS 4.06 19
1509. DOUBT 4.06 28
1510. FARCE 4.06 35
1511. FLAIR 4.06 35
1512. GROWL 4.06 26
1513. HEADY 4.06 25
1514. LEMUR 4.06 27
1515. NOSED 4.06 28
1516. SAVED 4.06 29
1517. SHEET 4.06 29
1518. TOKEN 4.06 32
1519. TWIRL 4.06 27
1520. TYRES 4.06 32
1521. ALOUD 4.061 37
1522. ARGUE 4.061 35
1523. CAMPO 4.061 16
1524. CORKS 4.061 34
1525. COVEN 4.061 27
1526. DECRY 4.061 26
1527. EARLY 4.061 39
1528. FEARS 4.061 35
1529. GLOWS 4.061 25
1530. GUSTO 4.061 29
1531. LAKHS 4.061 27
1532. NECKS 4.061 28
1533. RIDGE 4.061 27
1534. SAVER 4.061 30
1535. THROB 4.061 30
1536. ULCER 4.061 29
1537. AVERT 4.062 37
1538. BORNE 4.062 29
1539. DEMON 4.062 25
1540. DIRTY 4.062 26
1541. LEAFS 4.062 32
1542. MARGE 4.062 31
1543. MEDAL 4.062 27
1544. TAKEN 4.062 29
1545. TAKER 4.062 27
1546. FRAUD 4.063 33
1547. HOTLY 4.063 35
1548. LAUGH 4.063 29
1549. LUMEN 4.063 27
1550. MOLDS 4.063 27
1551. MUSED 4.063 28
1552. PHAGE 4.063 28
1553. RINKS 4.063 24
1554. SCOOT 4.063 29
1555. SHIFT 4.063 28
1556. STAVE 4.063 34
1557. SWAIN 4.063 33
1558. AMBER 4.064 20
1559. BONUS 4.064 30
1560. CREWS 4.064 30
1561. DECOY 4.064 24
1562. FORMS 4.064 29
1563. HOUND 4.064 30
1564. KITES 4.064 32
1565. MODUS 4.064 26
1566. ROGUE 4.064 37
1567. SALAD 4.064 29
1568. THINK 4.064 24
1569. ABODE 4.065 27
1570. AEGIS 4.065 39
1571. BOUND 4.065 28
1572. CHINA 4.065 23
1573. CLING 4.065 23
1574. COBRA 4.065 30
1575. DERBY 4.065 24
1576. HINGE 4.065 31
1577. LURED 4.065 34
1578. MILOS 4.065 30
1579. NICKS 4.065 19
1580. PUSHY 4.065 18
1581. TREES 4.065 32
1582. WELDS 4.065 30
1583. WIRES 4.065 37
1584. BACKS 4.066 27
1585. BEAMS 4.066 34
1586. BLACK 4.066 19
1587. BONER 4.066 31
1588. CHAMP 4.066 22
1589. HOWES 4.066 31
1590. MUTED 4.066 22
1591. OLDIE 4.066 27
1592. POWER 4.066 24
1593. SHAKY 4.066 21
1594. SHOWN 4.066 29
1595. SWANK 4.066 30
1596. THUMP 4.066 17
1597. VEILS 4.066 32
1598. BITER 4.067 28
1599. CHINK 4.067 25
1600. DOPEY 4.067 24
1601. FRIED 4.067 33
1602. GUARD 4.067 32
1603. GUIDE 4.067 34
1604. POUCH 4.067 24
1605. RAVES 4.067 32
1606. ROBIN 4.067 33
1607. WORDS 4.067 26
1608. COWER 4.068 30
1609. LEASE 4.068 39
1610. PHONY 4.068 23
1611. REPAY 4.068 31
1612. TOOLS 4.068 25
1613. BIRCH 4.069 21
1614. CHOMP 4.069 19
1615. ENTRY 4.069 30
1616. ITEMS 4.069 23
1617. PITCH 4.069 23
1618. ROYAL 4.069 45
1619. RULED 4.069 32
1620. SPOKE 4.069 31
1621. UNTIE 4.069 31
1622. USAGE 4.069 38
1623. BLOWS 4.07 26
1624. CHUMP 4.07 14
1625. COMBS 4.07 22
1626. CROWS 4.07 33
1627. DIKES 4.07 33
1628. LIBRA 4.07 30
1629. REBUT 4.07 30
1630. SPEAK 4.07 29
1631. TOMBS 4.07 18
1632. VAULT 4.07 31
1633. AGONY 4.071 28
1634. BRAGS 4.071 34
1635. DICKS 4.071 20
1636. DORKS 4.071 23
1637. FLIPS 4.071 16
1638. GIRTH 4.071 27
1639. LINDY 4.071 25
1640. LUGER 4.071 34
1641. MIRED 4.071 33
1642. MOIRA 4.071 35
1643. MUSTY 4.071 22
1644. NODAL 4.071 30
1645. RIGHT 4.071 30
1646. RILEY 4.071 36
1647. SOLVE 4.071 33
1648. TUCKS 4.071 24
1649. WORMS 4.071 21
1650. BARKS 4.072 35
1651. BLEND 4.072 20
1652. FOURS 4.072 30
1653. FRISK 4.072 22
1654. HIKER 4.072 33
1655. KINGS 4.072 23
1656. LAKER 4.072 31
1657. TWICE 4.072 22
1658. UNMET 4.072 20
1659. ADOBE 4.073 26
1660. BANCO 4.073 23
1661. BENDY 4.073 24
1662. DUNKS 4.073 28
1663. GUSTY 4.073 18
1664. IDEAS 4.073 35
1665. BRILL 4.074 29
1666. BULGE 4.074 26
1667. GAMER 4.074 31
1668. GAVEL 4.074 35
1669. GOTHS 4.074 28
1670. HOYLE 4.074 26
1671. LOGIN 4.074 31
1672. SAYED 4.074 33
1673. SWING 4.074 24
1674. TEASE 4.074 35
1675. TEMPS 4.074 19
1676. BRAWL 4.075 31
1677. CAMPY 4.075 16
1678. CHANG 4.075 24
1679. DENIM 4.075 27
1680. FANCY 4.075 32
1681. FUNDS 4.075 29
1682. MULCH 4.075 18
1683. MUNCH 4.075 26
1684. OUTED 4.075 28
1685. RAYON 4.075 34
1686. WALKS 4.075 25
1687. WHORE 4.075 36
1688. BITCH 4.076 24
1689. BUNCH 4.076 32
1690. CAFES 4.076 33
1691. CARVE 4.076 31
1692. DAILY 4.076 31
1693. EMITS 4.076 27
1694. FAILS 4.076 32
1695. FLUSH 4.076 20
1696. FROWN 4.076 35
1697. LIVES 4.076 34
1698. MODAL 4.076 27
1699. MONKS 4.076 26
1700. MOUND 4.076 28
1701. MUSIC 4.076 22
1702. NOISY 4.076 38
1703. NUKES 4.076 25
1704. SNOWY 4.076 28
1705. WINCE 4.076 24
1706. ANGRY 4.077 33
1707. AUGER 4.077 39
1708. BUILD 4.077 25
1709. GRABS 4.077 32
1710. HOWLS 4.077 31
1711. LOVES 4.077 38
1712. PROVE 4.077 31
1713. REFIT 4.077 29
1714. TROVE 4.077 36
1715. ABIDE 4.078 29
1716. BARGE 4.078 33
1717. BROWS 4.078 31
1718. CURIA 4.078 32
1719. DEBUT 4.078 27
1720. DIMER 4.078 30
1721. FRITH 4.078 34
1722. MAGUS 4.078 35
1723. MIDGE 4.078 31
1724. POKES 4.078 29
1725. RAINY 4.078 31
1726. RIFTS 4.078 28
1727. ROCKS 4.078 35
1728. SALVO 4.078 27
1729. SCREW 4.078 29
1730. SIGMA 4.078 28
1731. VEINS 4.078 36
1732. WHITE 4.078 33
1733. WHOLE 4.078 27
1734. ABOUT 4.079 32
1735. BRISK 4.079 23
1736. FLAKE 4.079 31
1737. FLIER 4.079 36
1738. LOWER 4.079 36
1739. ROWAN 4.079 38
1740. STOKE 4.079 35
1741. TYPES 4.079 29
1742. AMONG 4.08 34
1743. BIGOT 4.08 33
1744. BUDGE 4.08 28
1745. FUTON 4.08 32
1746. GODLY 4.08 25
1747. HARDY 4.08 27
1748. LOUIS 4.08 30
1749. NIGHT 4.08 20
1750. RAVEN 4.08 31
1751. RICKS 4.08 24
1752. SHAKE 4.08 30
1753. WIPES 4.08 31
1754. ASKED 4.081 33
1755. BURGH 4.081 26
1756. CLINK 4.081 19
1757. CRUMB 4.081 18
1758. DECKS 4.081 27
1759. DWELT 4.081 25
1760. FORTH 4.081 26
1761. LAYUP 4.081 23
1762. NACHO 4.081 24
1763. STILL 4.081 29
1764. TOLLS 4.081 26
1765. TRUST 4.081 30
1766. AIMED 4.082 37
1767. APART 4.082 26
1768. BIKES 4.082 29
1769. BOLUS 4.082 31
1770. CAGED 4.082 31
1771. EMAIL 4.082 31
1772. FACES 4.082 32
1773. FLEAS 4.082 37
1774. LIMBS 4.082 23
1775. MEATY 4.082 36
1776. MINED 4.082 33
1777. MOUTH 4.082 24
1778. SAVIN 4.082 33
1779. SWUNG 4.082 25
1780. TELLS 4.082 24
1781. TIMED 4.082 27
1782. TWANG 4.082 27
1783. BERKS 4.083 28
1784. BREWS 4.083 26
1785. CHEAP 4.083 25
1786. FERAL 4.083 37
1787. LYCRA 4.083 33
1788. OUTER 4.083 34
1789. STEEL 4.083 33
1790. TARTS 4.083 33
1791. THIEF 4.083 27
1792. CLOVE 4.084 25
1793. FECAL 4.084 28
1794. FLUNG 4.084 25
1795. GIPSY 4.084 28
1796. GIRLY 4.084 28
1797. GUILD 4.084 27
1798. HAVES 4.084 28
1799. IRKED 4.084 29
1800. SNAFU 4.084 33
1801. USING 4.084 35
1802. BADGE 4.085 31
1803. BEGUN 4.085 28
1804. CAVES 4.085 37
1805. COVET 4.085 40
1806. DICEY 4.085 22
1807. HIVES 4.085 33
1808. LINGO 4.085 28
1809. MINTY 4.085 22
1810. PLUMB 4.085 16
1811. SICKO 4.085 26
1812. VALOR 4.085 32
1813. VERSO 4.085 33
1814. VOLTA 4.085 26
1815. WARMS 4.085 25
1816. WHEAT 4.085 32
1817. BASIC 4.086 36
1818. BRING 4.086 29
1819. CARGO 4.086 29
1820. CASTS 4.086 32
1821. ERASE 4.086 45
1822. FIRMS 4.086 29
1823. LUCID 4.086 26
1824. MERCY 4.086 33
1825. MORAY 4.086 34
1826. NICHE 4.086 30
1827. SHEAF 4.086 26
1828. VITAL 4.086 32
1829. YOURS 4.086 43
1830. BEAUT 4.087 33
1831. BLOWN 4.087 27
1832. BUNKS 4.087 29
1833. DUKES 4.087 26
1834. FOAMS 4.087 34
1835. FROGS 4.087 25
1836. GENOA 4.087 38
1837. HACKS 4.087 23
1838. IDEAL 4.087 32
1839. LUPIN 4.087 25
1840. MAKES 4.087 35
1841. MICRO 4.087 31
1842. SWIFT 4.087 30
1843. CHOKE 4.088 27
1844. COLBY 4.088 22
1845. CUSHY 4.088 22
1846. FADER 4.088 26
1847. FRAME 4.088 31
1848. HUMAN 4.088 25
1849. NERDY 4.088 28
1850. PUBES 4.088 25
1851. SLEEP 4.088 23
1852. SOWED 4.088 31
1853. TORTS 4.088 34
1854. TYING 4.088 24
1855. VESTA 4.088 29
1856. WORLD 4.088 26
1857. BALDY 4.089 26
1858. BERYL 4.089 31
1859. BLOCK 4.089 19
1860. CHUNK 4.089 23
1861. DATUM 4.089 25
1862. DEITY 4.089 29
1863. HOMIE 4.089 33
1864. MINUS 4.089 35
1865. SHEEN 4.089 28
1866. SHOCK 4.089 28
1867. SHOVE 4.089 31
1868. SPECK 4.089 27
1869. TODAY 4.089 34
1870. TYPED 4.089 19
1871. WAGES 4.089 35
1872. BACON 4.09 28
1873. BRAWN 4.09 23
1874. CORBY 4.09 28
1875. FOLDS 4.09 28
1876. FRANK 4.09 30
1877. IMAGE 4.09 38
1878. INFOS 4.09 28
1879. LIKEN 4.09 27
1880. PIVOT 4.09 30
1881. SEINE 4.09 38
1882. TENSE 4.09 28
1883. VICES 4.09 31
1884. VOTES 4.09 38
1885. YACHT 4.09 25
1886. ALIKE 4.091 32
1887. BALMY 4.091 16
1888. BROKE 4.091 36
1889. FOCAL 4.091 32
1890. WISER 4.091 40
1891. BAKES 4.092 28
1892. CLASS 4.092 33
1893. DAISY 4.092 30
1894. EASEL 4.092 44
1895. GHOUL 4.092 28
1896. RIFLE 4.092 38
1897. STOOP 4.092 23
1898. BICEP 4.093 22
1899. BINGE 4.093 24
1900. BLINK 4.093 23
1901. CIGAR 4.093 33
1902. DIMLY 4.093 22
1903. PUCKS 4.093 26
1904. SAHIB 4.093 27
1905. SERVO 4.093 37
1906. SLITS 4.093 31
1907. THROW 4.093 28
1908. VOTER 4.093 42
1909. WASHY 4.093 18
1910. BLEAK 4.094 27
1911. CALIF 4.094 33
1912. CUBES 4.094 38
1913. FATED 4.094 26
1914. GRIMY 4.094 34
1915. INLAY 4.094 33
1916. LOUGH 4.094 29
1917. MILKS 4.094 24
1918. PICKS 4.094 24
1919. WELCH 4.094 17
1920. WOMEN 4.094 24
1921. ATLAS 4.095 38
1922. CALLS 4.095 27
1923. FAITH 4.095 30
1924. FEUDS 4.095 32
1925. FILMS 4.095 21
1926. MACHO 4.095 24
1927. PIETY 4.095 23
1928. SPIKE 4.095 30
1929. TAWNY 4.095 28
1930. WATCH 4.095 23
1931. AMINO 4.096 27
1932. BOGUS 4.096 36
1933. ELITE 4.096 32
1934. FLUME 4.096 31
1935. MIGHT 4.096 21
1936. OCEAN 4.096 39
1937. RIVET 4.096 34
1938. SILVA 4.096 28
1939. YAWNS 4.096 31
1940. BISON 4.097 25
1941. BLIMP 4.097 18
1942. BUSTY 4.097 24
1943. CLERK 4.097 28
1944. DEWAR 4.097 34
1945. DINGO 4.097 30
1946. FILTH 4.097 31
1947. GULCH 4.097 24
1948. MEDIC 4.097 22
1949. MISTY 4.097 28
1950. MOGUL 4.097 35
1951. OWNER 4.097 36
1952. PUBIC 4.097 15
1953. SNELL 4.097 35
1954. STINT 4.097 35
1955. STUNT 4.097 27
1956. SUAVE 4.097 39
1957. THESE 4.097 27
1958. TRILL 4.097 32
1959. BENCH 4.098 23
1960. BOWEL 4.098 27
1961. FLUID 4.098 28
1962. FORCE 4.098 33
1963. ALLOT 4.099 37
1964. BOWER 4.099 35
1965. CONGA 4.099 32
1966. CYBER 4.099 29
1967. NOMAD 4.099 27
1968. SAVOR 4.099 36
1969. SHAVE 4.099 28
1970. SLAPS 4.099 35
1971. SLOOP 4.099 25
1972. SLUTS 4.099 33
1973. SWEET 4.099 35
1974. TOWED 4.099 23
1975. ALARM 4.1 33
1976. BADLY 4.1 25
1977. BELOW 4.1 28
1978. COVER 4.1 34
1979. DENSE 4.1 26
1980. EBONY 4.1 25
1981. FLOUR 4.1 33
1982. FORGE 4.1 38
1983. GYRUS 4.1 32
1984. WAGER 4.1 32
1985. AMOUR 4.101 35
1986. BEGAN 4.101 29
1987. FOUND 4.101 29
1988. HYMNS 4.101 26
1989. KNOBS 4.101 28
1990. POLKA 4.101 24
1991. SKIMP 4.101 21
1992. SLATS 4.101 46
1993. SLOTS 4.101 27
1994. TROLL 4.101 33
1995. TRUSS 4.101 31
1996. VIALS 4.101 33
1997. VISTA 4.101 39
1998. CHEWS 4.102 27
1999. DIVES 4.102 38
2000. DRIVE 4.102 31
2001. ETHIC 4.102 32
2002. FILED 4.102 38
2003. HEELS 4.102 34
2004. HOCUS 4.102 29
2005. KILOS 4.102 33
2006. MUSHY 4.102 21
2007. PUKED 4.102 17
2008. SAMBO 4.102 26
2009. SMOKE 4.102 38
2010. UNFIT 4.102 33
2011. VIRAL 4.102 31
2012. BOGAN 4.103 35
2013. BRICK 4.103 21
2014. BURLY 4.103 28
2015. EIGHT 4.103 28
2016. HERES 4.103 30
2017. HOMEY 4.103 30
2018. LOUIE 4.103 37
2019. POKER 4.103 33
2020. SILKY 4.103 27
2021. WANED 4.103 31
2022. CRASS 4.104 41
2023. DECAY 4.104 31
2024. DUCKS 4.104 24
2025. KNOWS 4.104 33
2026. MAYOR 4.104 36
2027. MOCHA 4.104 31
2028. SEALS 4.104 43
2029. SPIKY 4.104 22
2030. SWAMP 4.104 18
2031. WINGS 4.104 27
2032. FELON 4.105 35
2033. FORKS 4.105 32
2034. GENRE 4.105 34
2035. GUANO 4.105 34
2036. HUMOR 4.105 26
2037. LIKED 4.105 35
2038. NASAL 4.105 30
2039. NAVEL 4.105 33
2040. ROOST 4.105 35
2041. SALES 4.105 37
2042. STOOL 4.105 33
2043. TRAIT 4.105 42
2044. BEAKS 4.106 40
2045. FLAWS 4.106 32
2046. INFER 4.106 33
2047. SANDS 4.106 32
2048. SAREE 4.106 41
2049. SMOKY 4.106 26
2050. THUMB 4.106 21
2051. WEARY 4.106 40
2052. WHIGS 4.106 26
2053. WHINE 4.106 36
2054. CORGI 4.107 43
2055. GAUDY 4.107 28
2056. GROWS 4.107 31
2057. HUMID 4.107 34
2058. OFTEN 4.107 29
2059. PEELS 4.107 30
2060. ROUGH 4.107 39
2061. SERGE 4.107 35
2062. SNEER 4.107 34
2063. VISOR 4.107 36
2064. YANKS 4.107 41
2065. BOGEY 4.108 37
2066. FINAL 4.108 30
2067. FOLKS 4.108 28
2068. POKED 4.108 26
2069. SHILL 4.108 30
2070. SHOOT 4.108 30
2071. SPOOL 4.108 24
2072. STALL 4.108 40
2073. WHALE 4.108 29
2074. BEGIN 4.109 20
2075. BRINK 4.109 26
2076. FAIRY 4.109 38
2077. GREYS 4.109 33
2078. KNEAD 4.109 31
2079. OVERT 4.109 38
2080. PRIVY 4.109 30
2081. PSYCH 4.109 21
2082. RAVEL 4.109 40
2083. SHALL 4.109 34
2084. STURT 4.109 31
2085. TROOP 4.109 31
2086. UNITY 4.109 37
2087. VOCAL 4.109 28
2088. WRING 4.109 28
2089. BAKED 4.11 31
2090. BASAL 4.11 36
2091. DOING 4.11 30
2092. FIRTH 4.11 29
2093. FLANK 4.11 23
2094. GECKO 4.11 30
2095. SARAN 4.11 35
2096. TILTS 4.11 27
2097. VENTS 4.11 31
2098. VOIDS 4.11 31
2099. BREAK 4.111 32
2100. DIVAS 4.111 34
2101. DROVE 4.111 30
2102. FETCH 4.111 26
2103. FINCH 4.111 26
2104. FLOWS 4.111 26
2105. GRIEF 4.111 30
2106. HALVE 4.111 27
2107. TAPAS 4.111 30
2108. VALUE 4.111 38
2109. BRAVE 4.112 31
2110. CHIMP 4.112 21
2111. COONS 4.112 37
2112. FARED 4.112 30
2113. GLASS 4.112 40
2114. LEAKY 4.112 35
2115. SHELL 4.112 38
2116. SPILL 4.112 28
2117. STOVE 4.112 38
2118. SWIPE 4.112 26
2119. WIPER 4.112 31
2120. BLAZE 4.113 40
2121. BUMPS 4.113 21
2122. PERES 4.113 30
2123. TAINT 4.113 33
2124. TOUGH 4.113 33
2125. BELLS 4.114 31
2126. FOCUS 4.114 37
2127. FUSED 4.114 32
2128. GREET 4.114 33
2129. HUSKY 4.114 19
2130. NOVEL 4.114 36
2131. OVERS 4.114 34
2132. OWNED 4.114 29
2133. STATE 4.114 40
2134. TACKY 4.114 21
2135. WAGED 4.114 30
2136. BATIK 4.115 31
2137. BURKE 4.115 28
2138. COUGH 4.115 39
2139. FIELD 4.115 32
2140. GLYPH 4.115 15
2141. GREEN 4.115 34
2142. IMPLY 4.115 24
2143. METRE 4.115 26
2144. MOWER 4.115 36
2145. TAXIS 4.115 33
2146. BIOME 4.116 27
2147. DEBUG 4.116 30
2148. DEVIL 4.116 29
2149. DOVES 4.116 27
2150. FORTY 4.116 33
2151. HYPED 4.116 21
2152. LIVER 4.116 39
2153. MADLY 4.116 22
2154. ROWED 4.116 34
2155. STEER 4.116 40
2156. UNWED 4.116 30
2157. DRILL 4.117 28
2158. FUMES 4.117 32
2159. HAIRY 4.117 34
2160. LYNCH 4.117 26
2161. MANGO 4.117 27
2162. OVATE 4.117 33
2163. PAVED 4.117 29
2164. PERKY 4.117 27
2165. START 4.117 42
2166. SWAMY 4.117 28
2167. TORSO 4.117 33
2168. WINKS 4.117 19
2169. WORKS 4.117 33
2170. BUOYS 4.118 40
2171. DUSKY 4.118 20
2172. EXALT 4.118 36
2173. KUDOS 4.118 30
2174. NAKED 4.118 32
2175. RIVAL 4.118 33
2176. SMALL 4.118 37
2177. SNOOP 4.118 27
2178. SWAMI 4.118 29
2179. TOYED 4.118 37
2180. VIPER 4.118 27
2181. WHISK 4.118 20
2182. WOUND 4.118 31
2183. ALTAR 4.119 37
2184. ASSET 4.119 38
2185. BEING 4.119 21
2186. BROCK 4.119 32
2187. CELLS 4.119 29
2188. DOLLS 4.119 28
2189. DOWNY 4.119 28
2190. EVILS 4.119 32
2191. PEASE 4.119 40
2192. SACRA 4.119 37
2193. SEATS 4.119 39
2194. SNAPS 4.119 27
2195. SPANS 4.119 28
2196. SUCKY 4.119 26
2197. TURBO 4.119 38
2198. WINCH 4.119 31
2199. WITCH 4.119 33
2200. AXONS 4.12 39
2201. BUYER 4.12 36
2202. CELLO 4.12 36
2203. FUDGE 4.12 28
2204. GRILL 4.12 37
2205. TEENS 4.12 32
2206. TOAST 4.12 38
2207. WOULD 4.12 33
2208. ABHOR 4.121 34
2209. DINGY 4.121 26
2210. LOONS 4.121 36
2211. LOOSE 4.121 41
2212. LYRIC 4.121 36
2213. MAGIC 4.121 24
2214. POSTS 4.121 23
2215. REELS 4.121 42
2216. ROOTS 4.121 37
2217. SCOTS 4.121 33
2218. SHEER 4.121 40
2219. ADIEU 4.122 43
2220. CABAL 4.122 29
2221. COOLS 4.122 33
2222. FORAY 4.122 40
2223. LOVER 4.122 44
2224. OVENS 4.122 30
2225. SPOON 4.122 28
2226. BUSHY 4.123 24
2227. DOUGH 4.123 40
2228. FLING 4.123 29
2229. GLOVE 4.123 35
2230. HAWKS 4.123 25
2231. HYMEN 4.123 28
2232. PITHY 4.123 29
2233. STEEP 4.123 33
2234. WIDTH 4.123 31
2235. WORTH 4.123 29
2236. YOLKS 4.123 32
2237. GENES 4.124 31
2238. LAVER 4.124 37
2239. PARAS 4.124 35
2240. QUILT 4.124 32
2241. ROLLS 4.124 41
2242. TAXES 4.124 38
2243. WHIPS 4.124 29
2244. WIELD 4.124 30
2245. YIELD 4.124 28
2246. CAKED 4.125 31
2247. ELBOW 4.125 31
2248. EVICT 4.125 30
2249. LYING 4.125 30
2250. PENCE 4.125 20
2251. PORNO 4.125 23
2252. RAKED 4.125 32
2253. VAPOR 4.125 27
2254. WEIRD 4.125 37
2255. AFOUL 4.126 36
2256. BINGO 4.126 31
2257. ELECT 4.126 33
2258. FLACK 4.126 27
2259. LIVED 4.126 36
2260. PINKY 4.126 17
2261. POKEY 4.126 29
2262. SEMEN 4.126 30
2263. SOULS 4.126 34
2264. WHIMS 4.126 20
2265. YOUNG 4.126 38
2266. ALGAE 4.127 40
2267. ATOLL 4.127 40
2268. AXLES 4.127 45
2269. FLYER 4.127 31
2270. HICKS 4.127 25
2271. LEONE 4.127 40
2272. POOLS 4.127 28
2273. RABAT 4.127 29
2274. RUMBA 4.127 25
2275. SPREE 4.127 27
2276. SQUAT 4.127 34
2277. TAUNT 4.127 30
2278. TRITE 4.127 35
2279. WAKES 4.127 34
2280. YIKES 4.127 38
2281. ANVIL 4.128 37
2282. CRAZE 4.128 41
2283. CURVE 4.128 26
2284. HYENA 4.128 27
2285. LOGIC 4.128 25
2286. MAVIS 4.128 33
2287. WENCH 4.128 22
2288. WHIRL 4.128 29
2289. WILCO 4.128 24
2290. FOLIC 4.129 30
2291. INKED 4.129 33
2292. MERLE 4.129 37
2293. MUCHO 4.129 26
2294. SALTS 4.129 40
2295. SHOWY 4.129 27
2296. VIBES 4.129 35
2297. WHILE 4.129 34
2298. AUDIO 4.13 52
2299. CANAL 4.13 33
2300. CREEP 4.13 32
2301. FIBRE 4.13 36
2302. HELLS 4.13 35
2303. LEVIN 4.13 31
2304. SCANS 4.13 33
2305. SEDER 4.13 40
2306. SLURS 4.13 42
2307. SPOTS 4.13 21
2308. ALIVE 4.131 39
2309. EATER 4.131 37
2310. FEMUR 4.131 31
2311. FIRED 4.131 35
2312. GIVES 4.131 43
2313. LATTE 4.131 39
2314. SLASH 4.131 33
2315. STOOD 4.131 23
2316. BYTES 4.132 31
2317. DROOP 4.132 25
2318. FLOWN 4.132 31
2319. LEAFY 4.132 39
2320. MAKER 4.132 32
2321. STEED 4.132 30
2322. TREAT 4.132 41
2323. CREME 4.133 26
2324. CREPE 4.133 37
2325. DYING 4.133 30
2326. EATEN 4.133 43
2327. GROVE 4.133 37
2328. LAMAS 4.133 35
2329. LANKY 4.133 34
2330. PESKY 4.133 25
2331. SCENE 4.133 28
2332. SPEER 4.133 35
2333. WRECK 4.133 27
2334. BOING 4.134 30
2335. FAKES 4.134 36
2336. FOLEY 4.134 39
2337. JOINT 4.134 37
2338. LIVEN 4.134 35
2339. MOLDY 4.134 29
2340. NINES 4.134 39
2341. REUSE 4.134 40
2342. RHYME 4.134 32
2343. SMELL 4.134 32
2344. TINTS 4.134 35
2345. VAMPS 4.134 26
2346. VITAE 4.134 42
2347. BIGHT 4.135 25
2348. DROLL 4.135 30
2349. EAGLE 4.135 38
2350. FETUS 4.135 36
2351. GRAVE 4.135 38
2352. LOVED 4.135 34
2353. STENT 4.135 34
2354. TANTO 4.135 30
2355. TASTE 4.135 33
2356. THERE 4.135 42
2357. VOTED 4.135 35
2358. WHORL 4.135 32
2359. ADAPT 4.136 23
2360. BUCKS 4.136 27
2361. COSTS 4.136 37
2362. DUVET 4.136 26
2363. GLAZE 4.136 37
2364. HOVER 4.136 36
2365. HYDRA 4.136 28
2366. LATEX 4.136 39
2367. PEERS 4.136 36
2368. PIECE 4.136 37
2369. RISKY 4.136 28
2370. SORTS 4.136 40
2371. STUNS 4.136 32
2372. TACIT 4.136 32
2373. WIDEN 4.136 40
2374. WINDY 4.136 27
2375. CREED 4.137 30
2376. DOORS 4.137 38
2377. DUCHY 4.137 26
2378. FORUM 4.137 30
2379. HYDRO 4.137 27
2380. LUMPY 4.137 25
2381. NATAL 4.137 45
2382. PORKY 4.137 29
2383. RIVEN 4.137 38
2384. TWEAK 4.137 27
2385. VENOM 4.137 26
2386. BREED 4.138 30
2387. BRIEF 4.138 30
2388. HAKIM 4.138 33
2389. LOTTE 4.138 39
2390. MEDIA 4.138 41
2391. PILLS 4.138 31
2392. TAROT 4.138 40
2393. CURVY 4.139 24
2394. DUMBO 4.139 26
2395. GIFTS 4.139 32
2396. JAUNT 4.139 27
2397. PRESS 4.139 35
2398. SHEEP 4.139 32
2399. SLAMS 4.139 42
2400. TULLE 4.139 34
2401. AREAS 4.14 41
2402. BLITZ 4.14 28
2403. DEUCE 4.14 29
2404. FITCH 4.14 32
2405. HERTZ 4.14 37
2406. PASTA 4.14 23
2407. PRIOR 4.14 34
2408. RESET 4.14 36
2409. SALLY 4.14 42
2410. TOONS 4.14 33
2411. VENUS 4.14 38
2412. WOKEN 4.14 30
2413. BETEL 4.141 31
2414. CAVED 4.141 32
2415. DEVON 4.141 30
2416. HAVEN 4.141 36
2417. LIMBO 4.141 24
2418. MOTIF 4.141 30
2419. POLLS 4.141 28
2420. SOLON 4.141 35
2421. STRUT 4.141 37
2422. TWATS 4.141 32
2423. BAKER 4.142 28
2424. BOUGH 4.142 34
2425. LASTS 4.142 37
2426. LOFTY 4.142 33
2427. MAYBE 4.142 35
2428. MOVER 4.142 40
2429. SHIVA 4.142 27
2430. THICK 4.142 28
2431. TOTES 4.142 36
2432. VERBS 4.142 28
2433. VOICE 4.142 36
2434. BANAL 4.143 27
2435. BURKA 4.143 34
2436. DINKY 4.143 22
2437. FLUKE 4.143 34
2438. HALLS 4.143 27
2439. HONKY 4.143 33
2440. MOVED 4.143 30
2441. PEACE 4.143 33
2442. SUEDE 4.143 30
2443. BALLS 4.144 36
2444. CHIEF 4.144 31
2445. CROSS 4.144 40
2446. FLAKY 4.144 36
2447. HUNKY 4.144 29
2448. LEPER 4.144 31
2449. MOVES 4.144 38
2450. MOWED 4.144 30
2451. SCAMS 4.144 33
2452. SLABS 4.144 39
2453. SPELL 4.144 30
2454. TITLE 4.144 33
2455. TOPAZ 4.144 24
2456. VIGOR 4.144 38
2457. CONDO 4.145 25
2458. FIERY 4.145 41
2459. PULLS 4.145 38
2460. SHUTS 4.145 32
2461. THYME 4.145 29
2462. WREAK 4.145 33
2463. ALLEY 4.146 37
2464. CERES 4.146 36
2465. FACED 4.146 30
2466. FINED 4.146 38
2467. GOONS 4.146 37
2468. JANES 4.146 41
2469. MAVEN 4.146 31
2470. MILLS 4.146 28
2471. REPEL 4.146 29
2472. SLEDS 4.146 37
2473. TRIER 4.146 40
2474. CORKY 4.147 32
2475. DOGMA 4.147 33
2476. DOWRY 4.147 31
2477. ENSUE 4.147 37
2478. ENTER 4.147 31
2479. HAZEL 4.147 31
2480. HONOR 4.147 29
2481. MOONS 4.147 32
2482. PIOUS 4.147 38
2483. QUEST 4.147 25
2484. WIGHT 4.147 28
2485. BROOD 4.148 32
2486. CHEFS 4.148 30
2487. DIVAN 4.148 40
2488. RELAX 4.148 42
2489. SLUSH 4.148 25
2490. VICAR 4.148 39
2491. WAGON 4.148 31
2492. WIFES 4.148 37
2493. DECAF 4.149 30
2494. DWARF 4.149 29
2495. EASED 4.149 45
2496. FLEET 4.149 31
2497. GUMBO 4.149 33
2498. SLEEK 4.149 36
2499. STOPS 4.149 26
2500. WIPED 4.149 35
2501. FERMI 4.15 30
2502. FIBER 4.15 38
2503. FUCKS 4.15 30
2504. KARAT 4.15 30
2505. NEEDS 4.15 31
2506. SPITZ 4.15 29
2507. SULLY 4.15 39
2508. DROOL 4.151 36
2509. SHINS 4.151 28
2510. SIGNS 4.151 29
2511. STARS 4.151 39
2512. STASH 4.151 33
2513. FAMED 4.152 34
2514. FIEND 4.152 34
2515. GRAVY 4.152 42
2516. NYMPH 4.152 17
2517. SKEET 4.152 30
2518. THREE 4.152 38
2519. TITAN 4.152 37
2520. WHACK 4.152 25
2521. YOUTH 4.152 27
2522. CEASE 4.153 40
2523. COMFY 4.153 29
2524. GLOSS 4.153 34
2525. HIKED 4.153 35
2526. LEFTY 4.153 33
2527. MAUVE 4.153 36
2528. PASTS 4.153 30
2529. QUANT 4.153 35
2530. SPINS 4.153 30
2531. TOTAL 4.153 38
2532. TOUTS 4.153 34
2533. WOMAN 4.153 31
2534. ALIAS 4.154 41
2535. ARIAS 4.154 43
2536. MYTHS 4.154 25
2537. TENTH 4.154 35
2538. TOXIN 4.154 38
2539. VIRUS 4.154 40
2540. WIDER 4.154 35
2541. BLESS 4.155 30
2542. ELUDE 4.155 37
2543. ESTER 4.155 41
2544. EXACT 4.155 32
2545. GRASS 4.155 43
2546. INFRA 4.155 36
2547. LADLE 4.155 42
2548. SENDS 4.155 31
2549. TIARA 4.155 38
2550. WAVES 4.155 37
2551. AURAL 4.156 35
2552. FOOLS 4.156 31
2553. ITCHY 4.156 27
2554. LAPEL 4.156 41
2555. LUCKY 4.156 28
2556. MUFTI 4.156 25
2557. OBEYS 4.156 34
2558. ODORS 4.156 40
2559. TALLY 4.156 35
2560. TEXAS 4.156 38
2561. TRUER 4.156 34
2562. AMIGO 4.157 39
2563. BOWED 4.157 25
2564. DRUID 4.157 44
2565. FLOCK 4.157 26
2566. HEFTY 4.157 24
2567. PRIZE 4.157 33
2568. PROPS 4.157 29
2569. STOUT 4.157 31
2570. VAGUE 4.157 35
2571. VALID 4.157 28
2572. ARENA 4.158 41
2573. BEGUM 4.158 33
2574. ENDER 4.158 35
2575. GLITZ 4.158 37
2576. JOHNS 4.158 28
2577. LISTS 4.158 42
2578. SLIPS 4.158 29
2579. BYLAW 4.159 30
2580. COVEY 4.159 40
2581. DIVER 4.159 36
2582. EMPTY 4.159 21
2583. FREAK 4.159 39
2584. MALLS 4.159 37
2585. RUGBY 4.159 33
2586. SLUGS 4.159 34
2587. SPEED 4.159 26
2588. SQUAD 4.159 38
2589. WATTS 4.159 33
2590. BLISS 4.16 31
2591. BRITT 4.16 33
2592. FEIGN 4.16 35
2593. FROCK 4.16 27
2594. GANGS 4.16 34
2595. HOKEY 4.16 32
2596. SAUNA 4.16 41
2597. SENNA 4.16 38
2598. UNDUE 4.16 29
2599. ASKEW 4.161 35
2600. AVOID 4.161 42
2601. AWFUL 4.161 33
2602. FOYER 4.161 43
2603. KYRIE 4.161 36
2604. NIFTY 4.161 35
2605. RACER 4.161 35
2606. SCARS 4.161 39
2607. SIXTH 4.161 32
2608. SPURS 4.161 31
2609. ABATE 4.162 28
2610. DRESS 4.162 37
2611. ERODE 4.162 39
2612. GIVEN 4.162 35
2613. LOOPS 4.162 30
2614. QUINT 4.162 35
2615. STAGS 4.162 32
2616. STIRS 4.162 37
2617. TRYST 4.162 34
2618. TWEEN 4.162 36
2619. UNCUT 4.162 32
2620. ALAMO 4.163 34
2621. BRASS 4.163 43
2622. BRAVO 4.163 40
2623. ETUDE 4.163 33
2624. FAKER 4.163 37
2625. GLEBE 4.163 30
2626. GULLS 4.163 30
2627. LABEL 4.163 44
2628. OPIUM 4.163 26
2629. OUGHT 4.163 32
2630. SLUMS 4.163 37
2631. TASTY 4.163 31
2632. WAUGH 4.163 34
2633. WOVEN 4.163 29
2634. MANTA 4.164 23
2635. REBEL 4.164 36
2636. SCOOP 4.164 27
2637. WHARF 4.164 27
2638. AORTA 4.165 49
2639. GAUSS 4.165 37
2640. GREED 4.165 39
2641. HEATH 4.165 36
2642. SAVOY 4.165 39
2643. SIEGE 4.165 48
2644. STEPS 4.165 29
2645. VOMIT 4.165 36
2646. ZEROS 4.165 41
2647. FLICK 4.166 22
2648. GILLS 4.166 34
2649. KNIFE 4.166 33
2650. LIMIT 4.166 28
2651. LYMPH 4.166 19
2652. ZONES 4.166 42
2653. ALPHA 4.167 30
2654. COLON 4.167 34
2655. EXPAT 4.167 25
2656. SNAGS 4.167 39
2657. SOUPS 4.167 38
2658. VOCAB 4.167 34
2659. WIRED 4.167 34
2660. BERET 4.168 32
2661. CHEER 4.168 36
2662. FREES 4.168 36
2663. LOSES 4.168 51
2664. MINIS 4.168 31
2665. NEWLY 4.168 37
2666. ROCKY 4.168 33
2667. WAFER 4.168 37
2668. WEIGH 4.168 34
2669. WICKS 4.168 28
2670. CROCS 4.169 40
2671. EXIST 4.169 32
2672. GIVER 4.169 38
2673. QUADS 4.169 41
2674. SINGS 4.169 30
2675. SIRES 4.169 47
2676. SONNY 4.169 40
2677. TENTS 4.169 30
2678. ADAGE 4.17 40
2679. CRORE 4.17 49
2680. EXPOS 4.17 30
2681. FAVES 4.17 37
2682. FIGHT 4.17 33
2683. ORDER 4.17 37
2684. SEWER 4.17 38
2685. SKULL 4.17 39
2686. SPITS 4.17 31
2687. ZONAL 4.17 39
2688. ABOVE 4.171 33
2689. BIKER 4.171 36
2690. FUNKY 4.171 32
2691. SECTS 4.171 27
2692. SKUNK 4.171 28
2693. TROUT 4.171 48
2694. UNIFY 4.171 41
2695. VOWEL 4.171 39
2696. ZONED 4.171 34
2697. ETHYL 4.172 32
2698. HILLS 4.172 27
2699. HOSES 4.172 35
2700. MIXES 4.172 40
2701. SILLY 4.172 36
2702. WORDY 4.172 31
2703. AVANT 4.173 33
2704. CARER 4.173 39
2705. CHILL 4.173 31
2706. ELDER 4.173 41
2707. OMEGA 4.173 37
2708. PAGAN 4.173 25
2709. PLAYA 4.173 31
2710. REEDS 4.173 41
2711. SHOES 4.173 36
2712. SPASM 4.173 24
2713. STUDS 4.173 27
2714. TITHE 4.173 36
2715. TWIST 4.173 26
2716. VIDEO 4.173 44
2717. APNEA 4.174 42
2718. CASES 4.174 43
2719. HULLS 4.174 32
2720. ISLES 4.174 44
2721. MATTE 4.174 36
2722. SHOTS 4.174 34
2723. AGATE 4.175 35
2724. ALLOY 4.175 40
2725. ATTIC 4.175 36
2726. AWOKE 4.175 33
2727. GROSS 4.175 39
2728. MASTS 4.175 39
2729. PANDA 4.175 22
2730. TETRA 4.175 38
2731. VEGAN 4.175 43
2732. VOILA 4.175 36
2733. BOOST 4.176 28
2734. DROID 4.176 43
2735. ETHER 4.176 36
2736. HARSH 4.176 28
2737. POSSE 4.176 34
2738. SIDES 4.176 43
2739. SITES 4.176 40
2740. SIZED 4.176 42
2741. TATER 4.176 39
2742. WIVES 4.176 40
2743. DRAMA 4.177 35
2744. FIVES 4.177 40
2745. LOCAL 4.177 38
2746. MERGE 4.177 31
2747. MOORS 4.177 37
2748. SPOOK 4.177 29
2749. TERRA 4.177 40
2750. VERSE 4.177 36
2751. WALLS 4.177 29
2752. APPLE 4.178 44
2753. CATTY 4.178 31
2754. COTTA 4.178 34
2755. LEDGE 4.178 30
2756. MILLE 4.178 40
2757. ORTHO 4.178 35
2758. PASHA 4.178 24
2759. PETER 4.178 35
2760. SOLES 4.178 46
2761. AMISS 4.179 38
2762. JUNTA 4.179 31
2763. LISLE 4.179 45
2764. ROARS 4.179 53
2765. SAILS 4.179 45
2766. SEVEN 4.179 33
2767. SLAYS 4.179 48
2768. SONGS 4.179 32
2769. SUNNY 4.179 34
2770. TWILL 4.179 35
2771. VOGUE 4.179 48
2772. APPEL 4.18 40
2773. JEANS 4.18 42
2774. NIECE 4.18 32
2775. SABRA 4.18 43
2776. TAIGA 4.18 36
2777. VIOLA 4.18 33
2778. WHINY 4.18 37
2779. BILLS 4.181 32
2780. BREES 4.181 37
2781. HENCE 4.181 28
2782. JUDAS 4.181 39
2783. OLIVE 4.181 35
2784. SPIES 4.181 33
2785. TRUTH 4.181 37
2786. BUTTS 4.182 33
2787. ENVOY 4.182 41
2788. JONES 4.182 44
2789. METER 4.182 31
2790. PICKY 4.182 23
2791. SWEDE 4.182 36
2792. BEETS 4.183 32
2793. BULLS 4.183 39
2794. DICKY 4.183 22
2795. DRIER 4.183 40
2796. DYKES 4.183 33
2797. HOSTS 4.183 30
2798. JAILS 4.183 41
2799. PUREE 4.183 37
2800. SKANK 4.183 39
2801. SWOOP 4.183 27
2802. BANDA 4.184 26
2803. BUMPY 4.184 24
2804. CODEX 4.184 38
2805. COLOR 4.184 33
2806. DETER 4.184 40
2807. DUCKY 4.184 25
2808. FLEES 4.184 34
2809. GAZES 4.184 49
2810. MONDO 4.184 33
2811. PIPES 4.184 39
2812. USURP 4.184 32
2813. WONKY 4.184 38
2814. AGAIN 4.185 38
2815. CATCH 4.185 30
2816. DEEMS 4.185 34
2817. DISCS 4.185 33
2818. DITTO 4.185 45
2819. HAVOC 4.185 31
2820. LEGAL 4.185 45
2821. LUPUS 4.185 35
2822. OWING 4.185 35
2823. RISER 4.185 49
2824. SERVE 4.185 40
2825. SOILS 4.185 42
2826. SORES 4.185 52
2827. SWELL 4.185 42
2828. TAXED 4.185 33
2829. ABYSS 4.186 44
2830. BLEED 4.186 35
2831. BLOBS 4.186 35
2832. DOZEN 4.186 35
2833. FALLS 4.186 37
2834. HUTCH 4.186 32
2835. JUMPS 4.186 25
2836. PETIT 4.186 40
2837. POSES 4.186 42
2838. PROMO 4.186 29
2839. REARS 4.186 47
2840. ROWDY 4.186 31
2841. RURAL 4.186 36
2842. APPLY 4.187 33
2843. EXTRA 4.187 40
2844. HEAVY 4.187 33
2845. LEECH 4.187 31
2846. PASSE 4.187 43
2847. POPES 4.187 35
2848. SINKS 4.187 29
2849. SWEEP 4.187 29
2850. TASKS 4.187 37
2851. TONNE 4.187 48
2852. USUAL 4.187 44
2853. BULKY 4.188 29
2854. NOUNS 4.188 44
2855. SAGES 4.188 44
2856. SKILL 4.188 32
2857. SWOON 4.188 40
2858. BAWDY 4.189 28
2859. BEERS 4.189 40
2860. CRAZY 4.189 46
2861. LOOMS 4.189 35
2862. REDUX 4.189 41
2863. ROOMS 4.189 36
2864. SEGUE 4.189 32
2865. SHITS 4.189 37
2866. STAYS 4.189 42
2867. AWASH 4.19 37
2868. BLOOD 4.19 32
2869. BOOTS 4.19 31
2870. FAVOR 4.19 33
2871. HELLO 4.19 35
2872. LAURA 4.19 43
2873. MITTS 4.19 37
2874. NAIVE 4.19 45
2875. RECUR 4.19 31
2876. RUPEE 4.19 36
2877. WAVER 4.19 31
2878. AGAPE 4.191 42
2879. BLEEP 4.191 30
2880. BUTTE 4.191 35
2881. CREEK 4.191 40
2882. MAZES 4.191 47
2883. MOLLY 4.191 33
2884. RISES 4.191 50
2885. SMASH 4.191 27
2886. SWANS 4.191 33
2887. FAKED 4.192 36
2888. GOODS 4.192 36
2889. HATCH 4.192 31
2890. KRILL 4.192 39
2891. MAYAN 4.192 42
2892. MISES 4.192 44
2893. NAZIS 4.192 35
2894. NESTS 4.192 34
2895. NOOSE 4.192 38
2896. OTTER 4.192 49
2897. OVARY 4.192 44
2898. PROXY 4.192 38
2899. RETRO 4.192 48
2900. ROPER 4.192 42
2901. STABS 4.192 37
2902. BABEL 4.193 42
2903. HAIKU 4.193 35
2904. MOVIE 4.193 38
2905. PESOS 4.193 39
2906. SEARS 4.193 49
2907. SIDED 4.193 45
2908. SORRY 4.193 41
2909. LIEGE 4.194 43
2910. SHOPS 4.194 27
2911. SODAS 4.194 46
2912. WIGAN 4.194 41
2913. ZAIRE 4.194 47
2914. DIGIT 4.195 35
2915. FEELS 4.195 41
2916. HOODS 4.195 32
2917. JUICE 4.195 35
2918. PAPER 4.195 33
2919. SHEDS 4.195 36
2920. CANNY 4.196 38
2921. CELEB 4.196 31
2922. CINCH 4.196 32
2923. DORKY 4.196 30
2924. GREEK 4.196 38
2925. HOOPS 4.196 30
2926. RODEO 4.196 39
2927. SHAMS 4.196 30
2928. CASKS 4.197 38
2929. CHESS 4.197 32
2930. FATAL 4.197 35
2931. FLECK 4.197 31
2932. MIXER 4.197 37
2933. PHOTO 4.197 30
2934. SCABS 4.197 36
2935. SHIPS 4.197 31
2936. STEWS 4.197 33
2937. BESET 4.198 31
2938. CODED 4.198 40
2939. JOINS 4.198 39
2940. MOTOR 4.198 39
2941. SEVER 4.198 38
2942. THEME 4.198 34
2943. TIMID 4.198 34
2944. CONGO 4.199 33
2945. GASPS 4.199 36
2946. GOOSE 4.199 39
2947. HEDGE 4.199 31
2948. IVORY 4.199 45
2949. MOOSE 4.199 40
2950. MUMPS 4.199 27
2951. NEWER 4.199 28
2952. PIXEL 4.199 44
2953. PLUMP 4.199 20
2954. SILOS 4.199 40
2955. SODOM 4.199 29
2956. SOOTY 4.199 38
2957. SUITS 4.199 40
2958. WELLS 4.199 38
2959. AGREE 4.2 46
2960. BETTA 4.2 35
2961. BLOOM 4.2 33
2962. DUDES 4.2 37
2963. FISHY 4.2 31
2964. FIVER 4.2 42
2965. LEEKS 4.2 39
2966. RONDO 4.2 35
2967. YELLS 4.2 46
2968. BASES 4.201 44
2969. BOSON 4.201 29
2970. DRIED 4.201 39
2971. GAZED 4.201 40
2972. NOSES 4.201 50
2973. SAPPY 4.201 31
2974. SEEDY 4.201 34
2975. SOAPS 4.201 32
2976. FUNGI 4.202 33
2977. SACKS 4.202 33
2978. SIGHS 4.202 28
2979. SIXTY 4.202 32
2980. SLOWS 4.202 36
2981. SOARS 4.202 56
2982. COOKS 4.203 40
2983. FENCE 4.203 28
2984. FLOSS 4.203 38
2985. LIANA 4.203 42
2986. LOOKS 4.203 41
2987. TEMPT 4.203 26
2988. TOXIC 4.203 36
2989. VOUCH 4.203 36
2990. WACKY 4.203 22
2991. CODEC 4.204 38
2992. CURRY 4.204 33
2993. DONNE 4.204 44
2994. DUPED 4.204 25
2995. EARED 4.204 43
2996. GRAZE 4.204 47
2997. LOGOS 4.204 36
2998. NOOKS 4.204 40
2999. QUART 4.204 45
3000. RALLY 4.204 40
3001. REMIX 4.204 33
3002. SHOOK 4.204 28
3003. SPECS 4.204 35
3004. STEMS 4.204 30
3005. ASHES 4.205 40
3006. HOWDY 4.205 30
3007. LEGER 4.205 39
3008. QUASH 4.205 30
3009. SNIFF 4.205 30
3010. CONCH 4.206 32
3011. SKINS 4.206 32
3012. TELLY 4.206 37
3013. ZEBRA 4.206 35
3014. AZURE 4.207 49
3015. GUSTS 4.207 37
3016. HUNCH 4.207 34
3017. JACKS 4.207 35
3018. LOBOS 4.207 39
3019. PROOF 4.207 24
3020. PUMPS 4.207 29
3021. CHILI 4.208 34
3022. GENIE 4.208 50
3023. KILLS 4.208 32
3024. MOODS 4.208 33
3025. NANCY 4.208 37
3026. PARRY 4.208 34
3027. SOYUZ 4.208 40
3028. KNEEL 4.209 40
3029. MISTS 4.209 36
3030. AROMA 4.21 40
3031. BONNE 4.21 37
3032. CRACK 4.21 37
3033. DOSES 4.21 43
3034. EDGES 4.21 40
3035. FELLS 4.21 39
3036. FILLS 4.21 34
3037. JUDGE 4.21 34
3038. OCCUR 4.21 38
3039. STUFF 4.21 30
3040. CLACK 4.211 31
3041. NANCE 4.211 48
3042. NERVE 4.211 32
3043. RAZED 4.211 40
3044. REEKS 4.211 41
3045. RERUN 4.211 39
3046. SQUID 4.211 37
3047. TUFTS 4.211 29
3048. VINYL 4.211 37
3049. AWAIT 4.212 46
3050. DONOR 4.212 35
3051. EAGER 4.212 48
3052. GASES 4.212 48
3053. IMAMS 4.212 42
3054. RUNNY 4.212 41
3055. WAVED 4.212 36
3056. ALOHA 4.213 48
3057. BROOM 4.213 34
3058. GAUZE 4.213 47
3059. LOONY 4.213 39
3060. OUTDO 4.213 42
3061. PIPER 4.213 39
3062. SAGGY 4.213 40
3063. SEMIS 4.213 40
3064. VOWED 4.213 33
3065. DETOX 4.214 39
3066. FASTS 4.214 41
3067. FRITZ 4.214 36
3068. GURUS 4.214 37
3069. LILAC 4.214 44
3070. MILKY 4.214 30
3071. MURKY 4.214 35
3072. PESTS 4.214 30
3073. BABES 4.215 42
3074. BOOMS 4.215 33
3075. HELIX 4.215 38
3076. TEENY 4.215 40
3077. BARBS 4.216 46
3078. BEEPS 4.216 30
3079. CISCO 4.216 37
3080. DOLLY 4.216 33
3081. EXITS 4.216 38
3082. ILIAD 4.216 41
3083. NEVER 4.216 33
3084. PATTY 4.216 27
3085. POTTY 4.216 30
3086. ARMOR 4.217 45
3087. BRIAR 4.217 45
3088. CACTI 4.217 39
3089. DATED 4.217 34
3090. GARDA 4.217 38
3091. INDIE 4.217 48
3092. LABIA 4.217 32
3093. NEXUS 4.217 39
3094. AWARE 4.218 43
3095. BORON 4.218 38
3096. COACH 4.218 43
3097. JOCKS 4.218 39
3098. LEAVE 4.218 39
3099. NINTH 4.218 34
3100. VIEWS 4.218 41
3101. BESTS 4.219 33
3102. CARRY 4.219 43
3103. COCKS 4.219 40
3104. EXAMS 4.219 49
3105. KNEES 4.219 39
3106. LIBEL 4.219 42
3107. MORON 4.219 38
3108. PENNY 4.219 33
3109. PUSSY 4.219 29
3110. SOCKS 4.219 42
3111. SWAPS 4.219 32
3112. TABOO 4.219 29
3113. ANNOY 4.22 36
3114. DITTY 4.22 34
3115. DOPED 4.22 39
3116. GOLLY 4.22 36
3117. GULAG 4.22 39
3118. HALLO 4.22 33
3119. LOOPY 4.22 40
3120. MASSE 4.22 48
3121. SINUS 4.22 45
3122. UTTER 4.22 41
3123. WILLS 4.22 37
3124. BUSTS 4.221 38
3125. DALLY 4.221 31
3126. LIPID 4.221 28
3127. MANGA 4.221 36
3128. NAIRA 4.221 43
3129. RENEW 4.221 35
3130. ALKYL 4.222 37
3131. RESTS 4.222 34
3132. BIBLE 4.223 35
3133. DANDY 4.223 35
3134. GORGE 4.223 49
3135. GROOM 4.223 37
3136. IDIOT 4.223 48
3137. MAXED 4.223 40
3138. PERRY 4.223 45
3139. QUITS 4.223 40
3140. REDOX 4.223 37
3141. SAKES 4.223 41
3142. USERS 4.223 52
3143. BARRE 4.224 41
3144. CILIA 4.224 40
3145. DREAD 4.224 43
3146. ROSES 4.224 55
3147. WALTZ 4.224 28
3148. BATTY 4.225 33
3149. GLOOM 4.225 40
3150. JERKS 4.225 31
3151. LASSO 4.225 48
3152. LEERY 4.225 48
3153. ODOUR 4.225 37
3154. SEWED 4.225 42
3155. WOODS 4.225 37
3156. ABACK 4.226 36
3157. AWARD 4.226 43
3158. CHEWY 4.226 42
3159. GOUGE 4.226 49
3160. RIGOR 4.226 44
3161. UPPED 4.226 26
3162. WEBER 4.226 33
3163. WIMPY 4.226 24
3164. BONGO 4.227 36
3165. FELLA 4.227 40
3166. POLIO 4.227 32
3167. SILKS 4.227 35
3168. SKITS 4.227 38
3169. THETA 4.227 37
3170. TIBIA 4.227 35
3171. BAYOU 4.228 41
3172. BOOED 4.228 35
3173. ROOFS 4.228 34
3174. SEAMS 4.228 44
3175. STAFF 4.228 42
3176. ARBOR 4.229 42
3177. DELVE 4.229 36
3178. ELVES 4.229 41
3179. MEMOS 4.229 40
3180. NEVES 4.229 37
3181. PEEKS 4.229 39
3182. SNOBS 4.229 35
3183. SPOOF 4.229 25
3184. ABBOT 4.23 37
3185. BOXER 4.23 47
3186. COMBO 4.23 26
3187. DOSED 4.23 41
3188. FOODS 4.23 34
3189. GUESS 4.23 39
3190. NUTTY 4.23 35
3191. WHEEL 4.23 51
3192. BOXES 4.231 42
3193. DILLY 4.231 30
3194. KNOLL 4.231 43
3195. LINEN 4.231 52
3196. MONGO 4.231 33
3197. MUCUS 4.231 36
3198. NATTY 4.231 40
3199. SWISH 4.231 30
3200. BALLY 4.232 31
3201. EAVES 4.232 50
3202. FLOOR 4.232 44
3203. ISSUE 4.232 42
3204. LOYAL 4.232 48
3205. MEETS 4.232 33
3206. PUPIL 4.232 37
3207. RADII 4.232 43
3208. WASPS 4.232 37
3209. BOXED 4.233 37
3210. EQUAL 4.233 43
3211. GAUGE 4.233 48
3212. MUSES 4.233 46
3213. ODEON 4.233 36
3214. ROMEO 4.233 42
3215. ROOKS 4.233 44
3216. TUSKS 4.233 29
3217. BORER 4.234 47
3218. BOSOM 4.234 33
3219. HOLLA 4.234 39
3220. HUSKS 4.234 29
3221. MOSSY 4.234 41
3222. OBESE 4.234 38
3223. SKIES 4.234 41
3224. ANION 4.235 48
3225. BELLY 4.235 37
3226. FREED 4.235 33
3227. INNER 4.235 50
3228. KINKS 4.235 28
3229. METED 4.235 27
3230. QUOTE 4.235 38
3231. SNOWS 4.235 42
3232. SOGGY 4.235 39
3233. TOTEM 4.235 43
3234. UNZIP 4.235 31
3235. WAXES 4.235 50
3236. CLOCK 4.236 32
3237. CRICK 4.236 31
3238. MODEM 4.236 40
3239. NITTY 4.236 42
3240. PUTTY 4.236 26
3241. REBAR 4.236 44
3242. REEFS 4.236 38
3243. TIGHT 4.236 39
3244. TUTOR 4.236 48
3245. VENUE 4.236 45
3246. WESTS 4.236 35
3247. AGORA 4.237 48
3248. BOOKS 4.237 42
3249. BULBS 4.237 43
3250. GEEKS 4.237 42
3251. QUIPS 4.237 33
3252. ROBOT 4.237 38
3253. SAMBA 4.237 31
3254. SUMMA 4.237 42
3255. HENNA 4.238 37
3256. RULER 4.238 46
3257. UPPER 4.238 42
3258. VYING 4.238 35
3259. EPOXY 4.239 39
3260. EVERT 4.239 42
3261. HIGHS 4.239 30
3262. LORRY 4.239 48
3263. QUAYS 4.239 48
3264. SUSHI 4.239 26
3265. TWEED 4.239 26
3266. AHEAD 4.24 36
3267. BARCA 4.24 37
3268. GIMME 4.24 45
3269. PURER 4.24 45
3270. PYREX 4.24 41
3271. STUBS 4.24 40
3272. ADDER 4.241 39
3273. ALLOW 4.241 48
3274. BEECH 4.241 35
3275. EMBER 4.241 37
3276. ENEMA 4.241 42
3277. FIXES 4.241 46
3278. FRIAR 4.241 41
3279. SNUFF 4.241 35
3280. SOAKS 4.241 46
3281. VERGE 4.241 34
3282. CYCLE 4.242 38
3283. ENJOY 4.242 43
3284. FEEDS 4.242 36
3285. KOALA 4.242 46
3286. MAJOR 4.242 40
3287. PIMPS 4.242 28
3288. REEDY 4.242 43
3289. AFOOT 4.243 41
3290. CUPPA 4.243 36
3291. JAKES 4.243 45
3292. NELLY 4.243 42
3293. OXIDE 4.243 49
3294. BOMBS 4.244 34
3295. ENEMY 4.244 39
3296. MAIZE 4.244 45
3297. MIRZA 4.244 37
3298. NEEDY 4.244 37
3299. PARKA 4.244 29
3300. SAFES 4.244 44
3301. SQUAW 4.244 42
3302. USURY 4.244 48
3303. AIDED 4.245 50
3304. CANON 4.245 44
3305. COLIC 4.245 33
3306. CROOK 4.245 37
3307. DOMED 4.245 41
3308. SAVES 4.245 43
3309. DEFER 4.246 34
3310. ROGER 4.246 47
3311. SERFS 4.246 35
3312. BILLY 4.247 38
3313. HITCH 4.247 35
3314. NAVAL 4.247 41
3315. POOCH 4.247 33
3316. SWABS 4.247 34
3317. WHERE 4.247 48
3318. MARIA 4.248 43
3319. QUIET 4.248 47
3320. RISHI 4.248 36
3321. SIEVE 4.248 53
3322. TERRY 4.248 43
3323. UNDID 4.248 43
3324. ALOOF 4.249 49
3325. ALWAY 4.249 37
3326. ANIMA 4.249 36
3327. BASIS 4.249 47
3328. QUITE 4.249 40
3329. DICED 4.25 40
3330. HARRY 4.25 44
3331. INDEX 4.25 47
3332. IONIC 4.25 41
3333. MASKS 4.25 38
3334. MOXIE 4.25 50
3335. RETRY 4.25 44
3336. RIDER 4.25 45
3337. ALIBI 4.251 41
3338. DODGE 4.251 48
3339. GOOEY 4.251 49
3340. WEEPS 4.251 40
3341. BEIGE 4.252 42
3342. DINED 4.252 47
3343. MANIA 4.252 35
3344. BEAUX 4.253 45
3345. INANE 4.253 56
3346. LARVA 4.253 41
3347. SKIPS 4.253 34
3348. WAIVE 4.253 39
3349. CIRCA 4.254 38
3350. JAGER 4.254 43
3351. NAPPY 4.254 28
3352. SALSA 4.254 45
3353. SUCKS 4.254 38
3354. BEBOP 4.255 33
3355. BUSES 4.255 48
3356. DERRY 4.255 38
3357. DIODE 4.255 46
3358. FUSSY 4.255 39
3359. QUACK 4.255 42
3360. WEEDS 4.255 46
3361. DARED 4.256 40
3362. EMBED 4.256 30
3363. FROZE 4.256 45
3364. GIZMO 4.256 35
3365. KNELL 4.256 39
3366. RIGID 4.256 37
3367. RISKS 4.256 44
3368. VEERS 4.256 46
3369. CROCK 4.257 37
3370. EMERY 4.257 47
3371. EVADE 4.257 43
3372. EVENS 4.257 39
3373. GULLY 4.257 39
3374. HOOKS 4.257 36
3375. PIPED 4.257 42
3376. BOSSY 4.258 48
3377. BROOK 4.258 39
3378. KEEPS 4.258 40
3379. ROWER 4.258 45
3380. VODKA 4.259 47
3381. DISKS 4.26 34
3382. GRIFF 4.26 31
3383. KNACK 4.26 36
3384. SWIMS 4.26 30
3385. AVAIL 4.261 41
3386. COMMA 4.261 36
3387. DONNA 4.261 46
3388. MYRRH 4.261 32
3389. SKIDS 4.261 35
3390. BRIBE 4.262 43
3391. ICING 4.262 32
3392. NIZAM 4.262 38
3393. BLURB 4.263 37
3394. FJORD 4.263 38
3395. GOODY 4.263 38
3396. LEVER 4.263 45
3397. NAWAB 4.263 29
3398. PIQUE 4.263 32
3399. BONNY 4.264 40
3400. FISTS 4.264 48
3401. FLAIL 4.264 51
3402. TAMMY 4.264 29
3403. COMIC 4.265 35
3404. EVENT 4.265 46
3405. ODDLY 4.265 31
3406. OOMPH 4.266 32
3407. TESTY 4.266 35
3408. THIGH 4.266 43
3409. CUBIC 4.267 40
3410. FOLLY 4.267 40
3411. SOFAS 4.267 51
3412. WIFEY 4.267 45
3413. BANJO 4.268 32
3414. BEVEL 4.268 38
3415. BOOTH 4.268 35
3416. MARRY 4.268 45
3417. OASIS 4.268 56
3418. ROOMY 4.268 45
3419. VALVE 4.268 43
3420. ARROW 4.269 47
3421. CHEEK 4.269 41
3422. COUCH 4.269 43
3423. EDEMA 4.269 40
3424. TABBY 4.269 33
3425. VASES 4.269 50
3426. CHICA 4.27 37
3427. AGGIE 4.271 53
3428. CYNIC 4.271 35
3429. PETTY 4.271 35
3430. UNION 4.271 55
3431. CUDDY 4.272 31
3432. FECES 4.272 35
3433. GYPSY 4.272 26
3434. MIXED 4.272 47
3435. RUDDY 4.272 39
3436. BOOTY 4.273 35
3437. GILLY 4.273 41
3438. PUFFS 4.273 30
3439. QUIRK 4.273 44
3440. REVEL 4.273 46
3441. DEVEL 4.274 40
3442. JUICY 4.274 44
3443. RUMOR 4.274 39
3444. BULLY 4.275 40
3445. CHICO 4.275 36
3446. FIXER 4.275 53
3447. FULLY 4.275 37
3448. JOKES 4.275 48
3449. JUMPY 4.275 30
3450. LOWLY 4.275 41
3451. CADDY 4.276 39
3452. CLICK 4.276 28
3453. FATTY 4.276 30
3454. FLOOD 4.276 39
3455. FOLIO 4.276 50
3456. JOKER 4.276 46
3457. MOODY 4.276 35
3458. QUASI 4.276 52
3459. CHEVY 4.277 48
3460. CYSTS 4.277 36
3461. ESSAY 4.277 53
3462. FOSSA 4.277 58
3463. MAMIE 4.277 48
3464. REVUE 4.277 44
3465. ALGAL 4.278 51
3466. AWAKE 4.278 46
3467. CASAS 4.278 53
3468. CLIFF 4.278 27
3469. HOLLY 4.278 45
3470. WEDGE 4.278 37
3471. CACHE 4.279 46
3472. DILDO 4.279 41
3473. FANNY 4.279 51
3474. STIFF 4.279 39
3475. BLUFF 4.28 29
3476. HEAVE 4.28 41
3477. HIJAB 4.28 38
3478. KICKS 4.28 33
3479. QUAIL 4.28 52
3480. AMASS 4.281 46
3481. BAGGY 4.281 32
3482. BELLE 4.281 38
3483. BURQA 4.281 46
3484. DOBBY 4.281 36
3485. EXERT 4.281 38
3486. FUNNY 4.281 43
3487. GOING 4.281 44
3488. LOBBY 4.281 41
3489. THEFT 4.281 32
3490. DESKS 4.282 44
3491. FUSES 4.282 48
3492. BUSBY 4.283 42
3493. MERRY 4.283 41
3494. MESSY 4.283 42
3495. MISSY 4.283 36
3496. SENSE 4.283 41
3497. AVIAN 4.284 43
3498. GINNY 4.284 43
3499. BERRY 4.285 39
3500. FUGUE 4.285 39
3501. LAZAR 4.285 45
3502. DRYER 4.286 38
3503. HOPPY 4.286 37
3504. SHOWS 4.286 40
3505. BITTY 4.287 37
3506. FAUNA 4.287 51
3507. HURRY 4.287 33
3508. KNOCK 4.287 32
3509. TIKKA 4.287 42
3510. TOOTS 4.287 42
3511. EBOOK 4.288 39
3512. JOKED 4.288 40
3513. PADDY 4.288 33
3514. ABBEY 4.289 32
3515. FORGO 4.289 34
3516. FOXES 4.289 51
3517. HILLY 4.289 43
3518. ROQUE 4.289 53
3519. WAXED 4.289 46
3520. AMIGA 4.29 42
3521. KIOSK 4.29 35
3522. WOOED 4.29 41
3523. AGAVE 4.291 46
3524. BUNNY 4.291 36
3525. LEMMA 4.291 43
3526. AGING 4.292 43
3527. AXIOM 4.292 49
3528. DODGY 4.292 40
3529. GHAZI 4.292 42
3530. OFFAL 4.292 43
3531. RIFFS 4.292 44
3532. IGLOO 4.293 41
3533. SCOFF 4.293 38
3534. SILLS 4.293 42
3535. VARNA 4.293 42
3536. WALLY 4.293 40
3537. HAPPY 4.294 28
3538. SAVVY 4.294 40
3539. SELLS 4.294 54
3540. VISAS 4.294 55
3541. VROOM 4.294 35
3542. VICHY 4.295 34
3543. YUCCA 4.295 50
3544. MECCA 4.296 41
3545. NYLON 4.296 44
3546. CIVIL 4.297 32
3547. LIVID 4.297 41
3548. PLAZA 4.297 39
3549. ELEGY 4.298 47
3550. JIHAD 4.298 39
3551. YAHOO 4.298 40
3552. DUMMY 4.299 36
3553. HAMMY 4.299 33
3554. JUMBO 4.299 33
3555. MAMBO 4.299 29
3556. STATS 4.299 53
3557. TATAR 4.3 47
3558. TUBBY 4.3 31
3559. WEAVE 4.3 39
3560. WEEKS 4.3 47
3561. WHOOP 4.3 36
3562. HIPPO 4.301 37
3563. QUERY 4.301 53
3564. EXILE 4.302 54
3565. JACKY 4.302 31
3566. KARMA 4.302 40
3567. BENNY 4.303 35
3568. FURRY 4.303 38
3569. GABBY 4.303 36
3570. QUAKE 4.303 54
3571. ROVER 4.303 56
3572. WITTY 4.304 38
3573. DOGGY 4.305 38
3574. EQUIP 4.305 38
3575. GRUFF 4.305 38
3576. GUMMY 4.305 43
3577. VIXEN 4.305 47
3578. WOODY 4.305 39
3579. ALLAY 4.306 44
3580. EXUDE 4.306 40
3581. JELLO 4.306 46
3582. KERRY 4.306 41
3583. PAPAL 4.306 36
3584. QUICK 4.306 38
3585. QUOTA 4.306 49
3586. BUDDY 4.307 38
3587. CUFFS 4.307 43
3588. QUEEN 4.308 55
3589. STOTT 4.308 40
3590. WORRY 4.308 50
3591. TUMMY 4.309 32
3592. DWELL 4.31 40
3593. JAWED 4.31 46
3594. LLAMA 4.31 41
3595. BILBO 4.311 37
3596. FADED 4.311 46
3597. KNOWN 4.311 44
3598. BUGGY 4.312 42
3599. CHUCK 4.312 30
3600. GAFFE 4.312 44
3601. BUFFS 4.313 43
3602. VESTS 4.313 39
3603. WADED 4.313 50
3604. CHICK 4.314 35
3605. EJECT 4.314 43
3606. FILLY 4.314 44
3607. PIGGY 4.314 35
3608. FUROR 4.315 50
3609. WOWED 4.315 44
3610. KELLY 4.316 42
3611. SEIZE 4.316 56
3612. TEDDY 4.316 41
3613. IDIOM 4.317 35
3614. JERKY 4.317 38
3615. ARRAS 4.319 58
3616. COCKY 4.319 45
3617. EMMYS 4.319 50
3618. FIFTH 4.319 38
3619. VILLA 4.319 43
3620. VISIT 4.319 46
3621. TENET 4.32 49
3622. WAHOO 4.32 34
3623. WILLY 4.321 43
3624. TAFFY 4.322 32
3625. CHOCK 4.323 34
3626. FATWA 4.323 34
3627. FEWER 4.323 40
3628. HALAL 4.323 47
3629. KITTY 4.323 41
3630. MUDDY 4.323 39
3631. MUGGY 4.323 42
3632. OFFER 4.323 49
3633. ZOOMS 4.323 41
3634. ASSAY 4.324 59
3635. FERRY 4.324 44
3636. GOOFY 4.324 45
3637. SKIFF 4.325 33
3638. TOMMY 4.325 38
3639. LOTTO 4.326 50
3640. JAPAN 4.327 37
3641. KHAKI 4.327 44
3642. EASES 4.328 65
3643. EXECS 4.328 52
3644. FOOTY 4.329 41
3645. RIVER 4.329 51
3646. BEZEL 4.33 44
3647. AMAZE 4.331 50
3648. KEBAB 4.331 41
3649. POOPS 4.331 43
3650. QUARK 4.332 48
3651. SAGAS 4.332 46
3652. GEMMA 4.333 49
3653. GIDDY 4.333 43
3654. TODDY 4.333 41
3655. MAFIA 4.334 36
3656. EERIE 4.335 52
3657. HIPPY 4.335 37
3658. KIDDO 4.335 46
3659. BRAVA 4.336 45
3660. SIZES 4.336 54
3661. FIXED 4.337 56
3662. RADAR 4.337 47
3663. ABBAS 4.338 56
3664. FEVER 4.338 47
3665. MAMAS 4.338 52
3666. CHECK 4.339 42
3667. CUBBY 4.339 40
3668. DIXIT 4.339 48
3669. FRYER 4.339 48
3670. VIGIL 4.34 41
3671. BIMBO 4.342 36
3672. CHAFF 4.344 35
3673. OZONE 4.344 48
3674. RABBI 4.344 45
3675. TWEET 4.344 54
3676. KINKY 4.345 41
3677. PUFFY 4.345 31
3678. SIXES 4.345 58
3679. AXIAL 4.346 55
3680. HAFIZ 4.346 36
3681. SYKES 4.346 43
3682. TEETH 4.346 45
3683. FOGGY 4.347 46
3684. XENON 4.347 49
3685. EXCEL 4.35 49
3686. SEEDS 4.35 56
3687. EMCEE 4.351 41
3688. EVERY 4.351 58
3689. EXPEL 4.351 44
3690. GEESE 4.351 48
3691. COCOS 4.352 55
3692. SEEPS 4.352 51
3693. JEEPS 4.353 49
3694. TEXTS 4.354 39
3695. KEYED 4.355 46
3696. MANNA 4.355 47
3697. HOBBY 4.356 47
3698. GEEKY 4.357 57
3699. VULVA 4.357 41
3700. WICCA 4.357 42
3701. DIVED 4.358 56
3702. ERROR 4.358 53
3703. GONZO 4.358 48
3704. MOTTO 4.358 42
3705. GUAVA 4.359 52
3706. JOLLY 4.359 46
3707. PEEPS 4.359 51
3708. ROTOR 4.359 55
3709. DEEDS 4.36 57
3710. KIWIS 4.361 35
3711. BOOZE 4.362 47
3712. SOLOS 4.362 51
3713. FIFTY 4.363 41
3714. CACAO 4.365 51
3715. EMMET 4.365 44
3716. WHICH 4.365 45
3717. EVOKE 4.366 50
3718. HUBBY 4.366 46
3719. WIDOW 4.367 50
3720. KANJI 4.368 40
3721. OOZES 4.368 58
3722. LOLLY 4.369 49
3723. MASSA 4.369 48
3724. BOOBS 4.37 54
3725. SEEMS 4.371 49
3726. RAZOR 4.372 52
3727. SHUSH 4.372 38
3728. TESTS 4.374 40
3729. ENDED 4.375 50
3730. BEEFY 4.377 43
3731. ERRED 4.377 52
3732. QUEER 4.377 64
3733. DOZED 4.378 51
3734. BAZAR 4.379 46
3735. RAJAH 4.38 45
3736. ASSES 4.382 66
3737. DAFFY 4.383 41
3738. QUILL 4.384 58
3739. PYGMY 4.385 33
3740. SASSY 4.385 52
3741. TOOTH 4.385 48
3742. MELEE 4.387 46
3743. SWISS 4.387 43
3744. TUTTI 4.39 59
3745. MEZZO 4.391 52
3746. QUELL 4.391 62
3747. FREER 4.392 53
3748. ARRAY 4.393 62
3749. ANNEX 4.395 61
3750. CEDED 4.395 56
3751. MEMES 4.395 57
3752. PIXIE 4.395 51
3753. ZOOEY 4.395 54
3754. BOOZY 4.396 51
3755. BUFFY 4.396 43
3756. WALLA 4.398 46
3757. JEWEL 4.399 56
3758. GANJA 4.401 50
3759. NANNY 4.403 61
3760. HAMZA 4.408 37
3761. SEEKS 4.408 55
3762. DAZED 4.409 55
3763. DOGGO 4.412 49
3764. MADAM 4.413 47
3765. XEROX 4.413 55
3766. RAZER 4.415 57
3767. SISSY 4.415 51
3768. GAMMA 4.417 51
3769. JENNY 4.42 57
3770. ADDED 4.422 52
3771. JELLY 4.423 55
3772. WHIFF 4.424 33
3773. POPPA 4.426 51
3774. TITTY 4.426 51
3775. KAPPA 4.429 51
3776. POPPY 4.429 51
3777. JADED 4.43 58
3778. MAGMA 4.43 53
3779. BOOBY 4.431 55
3780. COCOA 4.431 53
3781. MIMIC 4.431 36
3782. MOMMY 4.434 58
3783. VERVE 4.434 50
3784. FLUFF 4.436 45
3785. LEVEL 4.436 55
3786. JERRY 4.437 55
3787. ONION 4.437 60
3788. EDGED 4.438 51
3789. MAMBA 4.438 43
3790. REEVE 4.44 59
3791. JUROR 4.441 66
3792. KAYAK 4.441 59
3793. PUPPY 4.442 42
3794. PIZZA 4.443 47
3795. RARER 4.443 61
3796. PEEVE 4.444 50
3797. PAPPY 4.445 47
3798. REFER 4.445 55
3799. MAXIM 4.45 45
3800. FEMME 4.451 50
3801. DIZZY 4.458 46
3802. ZIPPY 4.458 46
3803. FEDEX 4.459 57
3804. NINJA 4.459 55
3805. MUMMY 4.46 57
3806. FUZZY 4.461 51
3807. MAMMY 4.462 48
3808. BOBBY 4.464 55
3809. MOMMA 4.464 52
3810. LEVEE 4.465 55
3811. YUMMY 4.465 57
3812. HOOCH 4.47 55
3813. JETTY 4.471 55
3814. AFFIX 4.48 62
3815. JIMMY 4.485 50
3816. DADDY 4.486 55
3817. VEXED 4.486 61
3818. PEPPY 4.492 58
3819. CIVIC 4.505 50
3820. KOOKY 4.509 67
3821. BUBBA 4.51 67
3822. QUEUE 4.518 61
3823. SEXES 4.521 73
3824. VIVID 4.524 67
3825. FIZZY 4.547 57
3826. JESSE 4.556 67
3827. JIFFY 4.564 57
3828. MAMMA 4.604 66
3829. JAZZY 4.611 65
